# U-M7-02 Seeds manifest | master_seed=20260928 | data stream = g0/v1 (bit-identical to G0); tool stream namespace = m7-tool|<competitor>|<arm>|N<n>|r<k>
# note: profile=degraded adapter=docker provider=synthetic competitors=sigminer,sigprofiler commit=7de5b8cf7492fb818c527672ae9fc6ef4bb6f3ca
arm	N	rep	data_seed	seed_sigminer	seed_sigprofiler
clock	1000	0	6928429872505694931	592955236	1684153128
clock	1000	1	13550662313238217081	1144455431	775011237
clock	1000	2	6388215441999499493	392798199	1252604097
clock	1000	3	7844547176731249599	1963090792	533985661
clock	1000	4	5694637427968847330	1645178831	227874309
clock	1000	5	7094948112050657723	184698590	1598012033
clock	1000	6	8663684827258535878	2025389767	44771406
clock	1000	7	9463664412038572156	373931614	1598049817
clock	1000	8	10240552240827914526	1995963910	96966998
clock	1000	9	8001464519469363349	455441733	336020523
clock	1000	10	8589191629418322152	2147171857	1161285646
clock	1000	11	1560610716069015829	374348875	655165484
clock	1000	12	2173905828402615221	1196480434	1108702635
clock	1000	13	8401674444910570836	1926023349	229268106
clock	1000	14	2140276304783415316	650736498	1336329256
clock	1000	15	4086734091164984474	496431260	810514117
clock	1000	16	10762014559914977878	1524850161	552687638
clock	1000	17	17012445539644485785	1283811879	1141828116
clock	1000	18	13613454401619240715	1046697581	1198605246
clock	1000	19	15732497802935393873	593042977	1865154989
clock	1000	20	17841333417356641842	1716050544	173933857
clock	1000	21	2201614333554132266	2039732871	456715756
clock	1000	22	8870316434048408011	1720952064	1847076926
clock	1000	23	13330242197742158938	1340832077	2001037599
clock	1000	24	7245973072573320115	72563279	979435925
clock	1000	25	9998275573848673470	2145631972	216817290
clock	1000	26	12617121368794254934	975380681	1743277970
clock	1000	27	13989614034324920982	19571794	330906587
clock	1000	28	15376380102557177513	435225013	1108982918
clock	1000	29	17458317979404961219	76699233	758410210
clock	1000	30	6174397569976822003	122492368	396953978
clock	1000	31	2855215802252326653	1789471304	204114324
clock	1000	32	12659362794185965772	1377230423	2122387621
clock	1000	33	15306557428962179925	82767929	1896767616
clock	1000	34	4619848057459599460	139811075	413242060
clock	1000	35	14781432190518679054	1449396031	1848951932
clock	1000	36	7268131316349639369	848330449	1890328398
clock	1000	37	2846363759110839082	1733252378	1127003855
clock	1000	38	6554774391105181583	1377112683	608902162
clock	1000	39	17941649102529038910	945038820	684552815
clock	1000	40	3607134472971207167	156643507	1565235242
clock	1000	41	13543175803585911639	243294550	1998874129
clock	1000	42	8839836672794107177	1568130202	636136954
clock	1000	43	9138705969415994511	1438509520	685253079
clock	1000	44	15315035639948502300	904836424	833046437
clock	1000	45	17349626062206705556	149819055	1778421365
clock	1000	46	8327552257419219481	430062450	762569179
clock	1000	47	15845648748289488334	655923515	1535387334
clock	1000	48	16015361479260413564	1454586489	731277971
clock	1000	49	10543072141018117216	1604927139	9651811
clock	1000	50	5530436778426032231	1079091416	1114862673
clock	1000	51	4513640507210220206	2043266581	118369394
clock	1000	52	572923303742448250	1414041753	718381846
clock	1000	53	15993612281189127493	784853876	1583498959
clock	1000	54	7595906867745222895	988633530	1268627691
clock	1000	55	3227795310679319538	2012996162	1810532638
clock	1000	56	537659951978673206	583596601	1639345616
clock	1000	57	9534198057235104382	510031739	483147828
clock	1000	58	12135141384885909939	1331936156	1003436870
clock	1000	59	6078806233453496565	502191808	571632653
clock	1000	60	10973733310099702394	1459195696	1845410882
clock	1000	61	12029907075369036230	831739701	502826389
clock	1000	62	8593519413929374130	1920627169	2087157782
clock	1000	63	6378172359633272458	759528852	1098428606
clock	1000	64	3390922566581191875	284532021	639646582
clock	1000	65	8183026407529802298	1917824648	1262750588
clock	1000	66	6086852898343142138	1350412433	1210829039
clock	1000	67	246668975734545996	1061387856	254743335
clock	1000	68	14265068432633943795	1949129609	690185809
clock	1000	69	17427719060380824700	1452729767	1168855782
clock	1000	70	12834671797763330255	1406594417	1002775562
clock	1000	71	4528696049462064471	1343013223	2026418135
clock	1000	72	14606585300197924726	2024811188	1317188018
clock	1000	73	11685791177220644625	61294083	1644107491
clock	1000	74	3805427432536359604	1752999634	1791569726
clock	1000	75	254188109847363684	23038177	1778822015
clock	1000	76	5776743484446831678	1391431212	679482516
clock	1000	77	12491290045517314621	1512315034	188575059
clock	1000	78	451793676655606675	692213448	1362083609
clock	1000	79	10695648651568210052	1296587669	1667060924
clock	1000	80	5583620752723276399	1895380513	1434393035
clock	1000	81	979176885130938939	1991464058	1369434091
clock	1000	82	14017001654727537350	571664305	554305031
clock	1000	83	8620301882914161308	727954635	1719628214
clock	1000	84	678373216144113674	1645449607	1903189045
clock	1000	85	8887470453439399697	2017765013	1517814923
clock	1000	86	5611879668641644308	2061832624	605854246
clock	1000	87	12080552869255007536	1332541067	1350649648
clock	1000	88	2107585960860401508	1360642724	1708264555
clock	1000	89	15749972948270658981	2104205762	1784921543
clock	1000	90	8972983371619405921	1469253208	181906038
clock	1000	91	6445572309872280265	1114737318	1246677659
clock	1000	92	14618385689760486559	802132028	1560114230
clock	1000	93	13877798305652165995	638819818	695422778
clock	1000	94	11098698498356446483	1613869675	2094885751
clock	1000	95	14798133088851816527	1900051421	179891306
clock	1000	96	11746512156527311824	704190260	307161663
clock	1000	97	6572236966193644624	218808172	241940430
clock	1000	98	2067366699352165297	1894957303	1389255911
clock	1000	99	16712290214713349756	1704745871	1531709421
sparse	1000	0	12041570345643588873	473970813	1087676608
sparse	1000	1	15332065187279895872	1815853615	835384150
sparse	1000	2	14724439426462980522	346238836	1986882162
sparse	1000	3	623325956637837202	1410512727	1592942296
sparse	1000	4	4126237114475552514	956761583	2131298196
sparse	1000	5	1440082735449704877	377053805	1468233167
sparse	1000	6	16838008918341090661	1722657174	1439908009
sparse	1000	7	8538870109271851684	853803282	857799477
sparse	1000	8	16251620652091963204	1557847708	717004694
sparse	1000	9	2220431132476536415	1990330409	222568184
sparse	1000	10	5875139677093392412	1668569436	1662603433
sparse	1000	11	17026296482971927650	1452660438	738778755
sparse	1000	12	10124766549801326790	1487952699	389290216
sparse	1000	13	6046283838235173729	1470227262	153856209
sparse	1000	14	17326025979026132296	984835136	206601632
sparse	1000	15	11251773104520879252	1943327868	1513444789
sparse	1000	16	12633176210103855790	1467171672	1516408998
sparse	1000	17	2538956732912353713	60219683	409170089
sparse	1000	18	5396585575779085119	910550314	1194288747
sparse	1000	19	6573392618723136544	1595641377	220592653
sparse	1000	20	5335766640500718106	1978490021	753579928
sparse	1000	21	1386732916845692903	1241970810	115959280
sparse	1000	22	6357314710534700294	1511300502	1037224630
sparse	1000	23	10020447955420196202	1962991183	1420041789
sparse	1000	24	5795705323305384821	1024761447	1849060260
sparse	1000	25	3242175185142430122	1153080113	2142262759
sparse	1000	26	287969651279445332	1480734339	1492633381
sparse	1000	27	3868118318325785223	615262315	547022656
sparse	1000	28	3391236479619796561	1226523728	1278081817
sparse	1000	29	4449113825660676427	923350624	190359734
sparse	1000	30	3173976438790865943	1067999384	2019583387
sparse	1000	31	9446640647884935493	939028631	2031049643
sparse	1000	32	682413368056870234	822085916	1301141583
sparse	1000	33	15166668696127403628	1556622922	940975083
sparse	1000	34	5925271536146382520	1026929644	674005090
sparse	1000	35	9138502140262984014	2070878672	133355517
sparse	1000	36	6913500941726947618	1851038231	1924749496
sparse	1000	37	11294068000268518813	1478168895	1619707761
sparse	1000	38	4885436022833497280	1295111487	775158407
sparse	1000	39	17942486730921452153	80906781	1890179287
sparse	1000	40	1602946377134351771	1930813485	965279004
sparse	1000	41	9732877754564404833	1661283531	1947628822
sparse	1000	42	1290581599259013549	1396020574	1948114688
sparse	1000	43	15368733454384248956	1461074536	1711074341
sparse	1000	44	15794056084304405010	945952034	896576327
sparse	1000	45	18248540371498475415	826893250	1990899936
sparse	1000	46	15297990164973410291	834359495	382280399
sparse	1000	47	16763493559858192085	1684572094	1141171725
sparse	1000	48	11870455958775422061	1784817355	2030326015
sparse	1000	49	2458196493802447915	1210040944	2102374811
sparse	1000	50	17301398944412996433	2070342653	1835455959
sparse	1000	51	10241164432075150457	317475880	1335538278
sparse	1000	52	46765162774886570	1593831843	1008287211
sparse	1000	53	6929193896773318348	1415027693	1123189572
sparse	1000	54	15362019784052747527	560496956	1506685637
sparse	1000	55	15328150460469768953	1525332242	976835777
sparse	1000	56	16739386065914858301	1732191235	530719953
sparse	1000	57	9435721664968274097	614693287	1235062482
sparse	1000	58	3755201149992635638	471651140	1313912199
sparse	1000	59	7256889104760538178	1017692046	1559222349
sparse	1000	60	14048250773305686016	2100564952	1830209525
sparse	1000	61	4431141994069942471	427380765	78359787
sparse	1000	62	9471847669761095329	2023469795	1118163175
sparse	1000	63	1381378574101280794	629296499	1008164800
sparse	1000	64	7312050305771872060	2003644734	965425403
sparse	1000	65	11150518591855931631	1605063842	1836488318
sparse	1000	66	16261488843230921605	1543745460	576209873
sparse	1000	67	11921486025335299446	1042496949	1568236560
sparse	1000	68	3769716911918361931	1958008697	500876642
sparse	1000	69	8447925727367138362	1804338989	706676035
sparse	1000	70	5614458107729303963	1165104019	2034967251
sparse	1000	71	9252142648994400617	31120151	1315131246
sparse	1000	72	14054279180642637517	816966386	958141108
sparse	1000	73	4988506131888868251	637041899	555600014
sparse	1000	74	8937508111129128556	825777913	1908053552
sparse	1000	75	11728516105541280553	783317092	2007932473
sparse	1000	76	5396892902113851235	42669576	1513880959
sparse	1000	77	17059112067105975975	1729281011	375536306
sparse	1000	78	10896474456997455876	1861672851	253751236
sparse	1000	79	11612015114514638430	1811770183	258595861
sparse	1000	80	17385659855233297576	1540004871	1307625364
sparse	1000	81	6184528506519659219	215353258	1537686854
sparse	1000	82	13187827201205495607	1296837909	1656092482
sparse	1000	83	5437921794309122130	576780552	1206346993
sparse	1000	84	2853356987430036845	1296473342	1706974000
sparse	1000	85	15734951289789820702	50596380	1010504509
sparse	1000	86	5996637445625705402	176899551	1085757653
sparse	1000	87	14133272214095208532	1724419814	1138538976
sparse	1000	88	1455788789984928962	797226873	911876135
sparse	1000	89	16818064270061722043	798869144	1825667916
sparse	1000	90	15732735564922606715	850756106	1421058421
sparse	1000	91	2279288132118546866	882861695	41166305
sparse	1000	92	3370603522713722845	796074789	2123162001
sparse	1000	93	1792863858157494642	667685714	604918022
sparse	1000	94	1379996196257973569	2051902972	21743774
sparse	1000	95	10223281899782456786	368538242	293641115
sparse	1000	96	9466749632257134420	1435485634	187553519
sparse	1000	97	12668328693340176552	1302728227	4391715
sparse	1000	98	2668545086514917859	704433188	773965258
sparse	1000	99	10566618668298180952	1908320127	976069328
