# U-M7-02 Seeds manifest | master_seed=20260928 | data stream = g0/v1 (bit-identical to G0); tool stream namespace = m7-tool|<competitor>|<arm>|N<n>|r<k>
# note: profile=degraded adapter=docker provider=synthetic competitors=sigminer,sigprofiler commit=7de5b8cf7492fb818c527672ae9fc6ef4bb6f3ca
arm	N	rep	data_seed	seed_sigminer	seed_sigprofiler
comp_pole	100000	0	11969503232702240273	488144490	1449200432
comp_pole	100000	1	13315445377574881393	1551585114	1021400762
comp_pole	100000	2	6027568235839378801	883898471	950359437
comp_pole	100000	3	16579582570588868354	1501311001	1761971473
comp_pole	100000	4	10987402736259204390	1966517128	185635651
comp_pole	100000	5	1443473806007758426	1867200252	1021918989
comp_pole	100000	6	3476615812705904169	815753011	1610810496
comp_pole	100000	7	17631523887323194758	779229127	236606843
comp_pole	100000	8	5898615416547478920	111147888	732377494
comp_pole	100000	9	373174100975713670	32443112	594685475
comp_pole	100000	10	7566023047774657435	1327634831	225460829
comp_pole	100000	11	17032456433981295611	1000508708	477651838
comp_pole	100000	12	6337665133173362661	1737298596	1881482222
comp_pole	100000	13	11802804793039522103	2093370562	315274169
comp_pole	100000	14	5407091008167297027	2125556710	659264264
comp_pole	100000	15	15483754750309863009	2054583492	1294037807
comp_pole	100000	16	4413796297325321055	1305281195	1588919593
comp_pole	100000	17	9505794916902025455	1616388891	1949853876
comp_pole	100000	18	14902810085065999567	376851570	2004107872
comp_pole	100000	19	103748336149953577	341284485	260549259
comp_pole	100000	20	9998893077275003511	1726875085	1855236685
comp_pole	100000	21	1880020156413590534	568034187	1425642673
comp_pole	100000	22	13472439666419509318	1942266944	1932691744
comp_pole	100000	23	15835759066316103831	29016466	1112811781
comp_pole	100000	24	10862093113151195965	1501350775	969120277
comp_pole	100000	25	4916699410724497174	1456268653	1186358955
comp_pole	100000	26	1524392694262999652	1598512347	1928063346
comp_pole	100000	27	16039391610852807729	536441648	1757308409
comp_pole	100000	28	1946278731576087316	1950089855	306088732
comp_pole	100000	29	7519973194044446751	726490776	1113297250
comp_pole	100000	30	5968874281967150830	999695890	840595105
comp_pole	100000	31	12806333250028487886	230186884	887512677
comp_pole	100000	32	11032836684618131782	250066821	1258465823
comp_pole	100000	33	7055172613229970815	658340293	2010532238
comp_pole	100000	34	13684667399288097634	2080108729	1870702561
comp_pole	100000	35	10873226314026188769	2114914344	1174832615
comp_pole	100000	36	8367954105047620879	361267570	639387574
comp_pole	100000	37	3910503286453159812	925592070	1658352300
comp_pole	100000	38	9957330841193872014	361946952	659461447
comp_pole	100000	39	12701457986091983347	1561912855	297794917
comp_pole	100000	40	17433254078003690897	94282010	719682675
comp_pole	100000	41	12123539589587244806	318739563	960731418
comp_pole	100000	42	16902175299066274182	1676556782	1120062750
comp_pole	100000	43	11200911411604090367	488797545	244499680
comp_pole	100000	44	1603168032065798983	196082261	2066715867
comp_pole	100000	45	10692658822268509622	911140272	1998159528
comp_pole	100000	46	2120220243973848063	1495341093	821825844
comp_pole	100000	47	7806476185208154644	524920540	133942853
comp_pole	100000	48	5152950750734593212	1062180804	55937509
comp_pole	100000	49	10720059881555993139	2003739503	1668090925
comp_pole	100000	50	392033123484363457	455835822	24593365
comp_pole	100000	51	3471437144273008520	41555476	129185305
comp_pole	100000	52	11332360269958792437	138893073	216155515
comp_pole	100000	53	14534384125858405120	1154893672	1970072972
comp_pole	100000	54	10123472784469526479	306598846	445025305
comp_pole	100000	55	14609208280966792314	1525014137	562048158
comp_pole	100000	56	2353054876136811921	1914479251	883886746
comp_pole	100000	57	444195783741493604	326552707	1678290972
comp_pole	100000	58	642466124610560196	1857735854	327679048
comp_pole	100000	59	7744527245691976209	1638465025	1785910348
comp_pole	100000	60	16767827147084233867	1657323436	1361077912
comp_pole	100000	61	13253087328260579551	1921098131	1950076860
comp_pole	100000	62	242272457020881318	807550339	1595075896
comp_pole	100000	63	7960295522123942251	1057114946	1577972456
comp_pole	100000	64	6119952774999637067	151191421	723465456
comp_pole	100000	65	3804002821045116111	154253104	1257787822
comp_pole	100000	66	3706581120771534282	1547832283	1065246230
comp_pole	100000	67	12214749190802429925	2098496308	1239038437
comp_pole	100000	68	17417898168100347727	944399485	1861944666
comp_pole	100000	69	2485689330352221416	1227376977	2136245500
comp_pole	100000	70	4922938327125491264	67050387	891882970
comp_pole	100000	71	2728453505545913107	1517495400	2043178050
comp_pole	100000	72	5236890449221686914	1752053763	503742151
comp_pole	100000	73	468487347469911412	1460770048	1274845686
comp_pole	100000	74	17690702928505940560	965320343	1199165726
comp_pole	100000	75	7766401674047297917	1117900118	488959813
comp_pole	100000	76	1211452832157388318	853684670	1812192832
comp_pole	100000	77	8477523739597358775	1167984504	339049741
comp_pole	100000	78	18221506149518092162	1649580393	411785210
comp_pole	100000	79	14863949159953070548	581304280	1032277526
comp_pole	100000	80	1438603548132538768	1606166933	213274845
comp_pole	100000	81	7173223756949198394	1996529151	400332186
comp_pole	100000	82	10512063882718524589	1130804621	128288549
comp_pole	100000	83	10295888601290435507	818709284	1053900822
comp_pole	100000	84	7968646695646665495	1608288645	1237602356
comp_pole	100000	85	10814277868563859582	1478534336	1411101564
comp_pole	100000	86	1758469594768969888	743234809	841031570
comp_pole	100000	87	8511017820394940343	2058582665	1095307957
comp_pole	100000	88	8145985062075219797	1587679976	48803942
comp_pole	100000	89	12391619412450374002	654875647	1736693854
comp_pole	100000	90	8492539269460515121	1510828901	2147328948
comp_pole	100000	91	11772391520570360735	621421985	1284862908
comp_pole	100000	92	10160688321364526090	1276010588	779121958
comp_pole	100000	93	10808514496322258755	426153354	260547178
comp_pole	100000	94	16586093875953920007	1933369839	672400563
comp_pole	100000	95	5462996644021667168	2079009240	1078160060
comp_pole	100000	96	8066413781631669287	1635483470	1866139460
comp_pole	100000	97	2860344179560762627	409295697	1615734244
comp_pole	100000	98	3951177683034640735	206046051	204578629
comp_pole	100000	99	13781715836579984226	1058536297	2027798387
comp_pole	300000	0	13546209243446205156	494308396	520335711
comp_pole	300000	1	15514714188542804549	528307094	824526968
comp_pole	300000	2	12016511404181226461	1075575952	32070116
comp_pole	300000	3	1587587679469721441	492660159	1351745356
comp_pole	300000	4	15681381810848535822	1003097038	288749323
comp_pole	300000	5	2099290161403644	1318183660	1106965437
comp_pole	300000	6	15099383192117566147	1766047	1361268094
comp_pole	300000	7	4677187492653531725	1530141656	806072494
comp_pole	300000	8	4451555728137522462	1109978994	1115805138
comp_pole	300000	9	5523222690161780691	1568460491	115163192
comp_pole	300000	10	10535337220941102840	1695908442	1802099748
comp_pole	300000	11	11833370529873003961	639302116	2064344372
comp_pole	300000	12	17545803271479078957	1825766395	550775429
comp_pole	300000	13	9377309476729899761	660565368	569144877
comp_pole	300000	14	4951178483277236115	2070444091	601029436
comp_pole	300000	15	13739662691610970969	1622608831	1413289531
comp_pole	300000	16	11337670810694002790	737715829	1206556020
comp_pole	300000	17	9451219902780415772	2114136894	1459117584
comp_pole	300000	18	12198584206514689016	239287988	908025997
comp_pole	300000	19	17990932403731675834	228123191	549257117
comp_pole	300000	20	4694349826405674102	1722526130	1699768016
comp_pole	300000	21	1528520559120311874	1419149501	552510188
comp_pole	300000	22	5688948327836708234	2053115319	420511676
comp_pole	300000	23	3149926450240977588	1513372458	95431497
comp_pole	300000	24	18122915684779839815	2125394470	1876792600
comp_pole	300000	25	18373224512640566609	637440602	152433794
comp_pole	300000	26	293209471738965099	306390502	1521140337
comp_pole	300000	27	11446377214350396900	1942007325	503463342
comp_pole	300000	28	5136061745709159823	365224675	302603587
comp_pole	300000	29	680181693652531181	685807526	577331673
comp_pole	300000	30	15959662074684340462	1257599045	447409496
comp_pole	300000	31	17362291458358965665	1285242698	1006697809
comp_pole	300000	32	9977554000511964364	278072488	44189046
comp_pole	300000	33	13316997011691405303	1953151414	1486416947
comp_pole	300000	34	4684778237792946787	2071912861	349838894
comp_pole	300000	35	12282229289851376518	732714243	47162657
comp_pole	300000	36	680424979230347542	697558643	1263715852
comp_pole	300000	37	17697242507482471366	282039945	1347154903
comp_pole	300000	38	11798405845398747291	1639093318	2002966813
comp_pole	300000	39	17935585132853813836	657701582	348222693
comp_pole	300000	40	17994249473151182322	223034489	1302508419
comp_pole	300000	41	6221567938513411639	1942600159	2076275666
comp_pole	300000	42	3057545098707893990	863145721	1891454939
comp_pole	300000	43	6859684454859864096	1996956075	1760628702
comp_pole	300000	44	3739896271019520981	435331539	93782578
comp_pole	300000	45	1845117275914832540	206737265	931848968
comp_pole	300000	46	15462037715259822567	1738568649	1042179967
comp_pole	300000	47	3982827492036274340	153004732	16560413
comp_pole	300000	48	5175383870125868518	2006664791	1743491361
comp_pole	300000	49	9213330811984287108	865615102	680939240
comp_pole	300000	50	15350382799428755479	1213581641	902083785
comp_pole	300000	51	8398099352240488885	1937125345	1455438978
comp_pole	300000	52	1323654056658964683	2075335932	1354607530
comp_pole	300000	53	15010666055001678084	136205034	855779300
comp_pole	300000	54	17303761315834465351	522226321	2094609479
comp_pole	300000	55	2966882127479678581	2033035370	529781921
comp_pole	300000	56	3530635293729426432	368694322	1835843299
comp_pole	300000	57	15772431228078088473	452964860	1084391657
comp_pole	300000	58	6870585971441166258	1656322890	1776123144
comp_pole	300000	59	5811967920232701854	428722788	2061145975
comp_pole	300000	60	1688430650642871185	2015475882	1045268843
comp_pole	300000	61	4029961730253737984	1036488733	1928471236
comp_pole	300000	62	3043805426295024793	1391483152	390758772
comp_pole	300000	63	7320689644223680659	1107648007	353919350
comp_pole	300000	64	5588097362290952423	958213012	1379415597
comp_pole	300000	65	13078058267428843154	272992520	1648034725
comp_pole	300000	66	10675959198244814640	2145232519	313290715
comp_pole	300000	67	14938487735987149543	1212798890	1366343577
comp_pole	300000	68	2929383354036764853	1300963747	1530097223
comp_pole	300000	69	7220790326367655798	1406915322	1297451331
comp_pole	300000	70	6277713907794104393	1177477306	249524675
comp_pole	300000	71	12405889841580971580	1881478684	356102958
comp_pole	300000	72	13925515721468789510	1165759545	1639594653
comp_pole	300000	73	17375399719374069960	1635297048	45413383
comp_pole	300000	74	8339418134708626524	12907235	333698091
comp_pole	300000	75	17683350332989138575	1007699717	55364444
comp_pole	300000	76	67704155094967163	1965718748	1860196404
comp_pole	300000	77	16288828940240757791	1754142024	2076564583
comp_pole	300000	78	2167385324642445989	303529954	1303021946
comp_pole	300000	79	1394507608619937684	961126463	1174570361
comp_pole	300000	80	18188028840075398661	1921799063	1995830716
comp_pole	300000	81	8795184008575072467	165814267	324956243
comp_pole	300000	82	1325653696883065413	641861438	632843563
comp_pole	300000	83	3535861228998515643	411019856	934991579
comp_pole	300000	84	3147091828685020026	658987563	1347838977
comp_pole	300000	85	20697132051482675	1041211958	1577128980
comp_pole	300000	86	5865244715556645714	628330935	753905769
comp_pole	300000	87	3879767731552998070	937368943	604028964
comp_pole	300000	88	11833720463131496623	489834622	1318827430
comp_pole	300000	89	2966180999056594545	1355045904	1515878625
comp_pole	300000	90	15873893999467419233	433829203	919910626
comp_pole	300000	91	10747236709919416797	162360671	1525117732
comp_pole	300000	92	15194093907447864197	1587828134	1028042285
comp_pole	300000	93	11110466894066887552	740941123	1827327889
comp_pole	300000	94	4340436092000578887	817766938	1904181652
comp_pole	300000	95	11813428395959772864	556753550	2037405954
comp_pole	300000	96	3721679626393892651	1058877536	1807260922
comp_pole	300000	97	5231362551955414429	1619770071	1882685059
comp_pole	300000	98	2857033581054044569	218456530	421513892
comp_pole	300000	99	7427056175188850413	2000608726	1490548553
comp_pole	1000000	0	10890153392968584014	908454727	950965535
comp_pole	1000000	1	9194805174416943119	1890318779	649358859
comp_pole	1000000	2	6729064874887384210	1696371379	1555267649
comp_pole	1000000	3	11323640915380219293	873713144	85147116
comp_pole	1000000	4	1079621052309071388	1053477494	115097854
comp_pole	1000000	5	10635609212571867883	211135453	41634681
comp_pole	1000000	6	10939151225166623552	1101007209	623403279
comp_pole	1000000	7	8289489875525880845	1526199286	764118693
comp_pole	1000000	8	13918978057805681771	604210368	2060124026
comp_pole	1000000	9	8960752439321563351	275898178	101559133
comp_pole	1000000	10	5952949325537807920	1054641127	432674705
comp_pole	1000000	11	6338776698700978617	898205925	1339917421
comp_pole	1000000	12	5226564549655865600	73718674	1512274699
comp_pole	1000000	13	12944065825570854625	2029083170	106839695
comp_pole	1000000	14	5782019975077772568	1812711412	1467701086
comp_pole	1000000	15	6444485590701094287	736181259	1380000913
comp_pole	1000000	16	14023194022486992265	414791647	1238093437
comp_pole	1000000	17	4767040933113248461	1018036807	1647720661
comp_pole	1000000	18	6468056389864190526	1657494594	1163136118
comp_pole	1000000	19	11889883800442780936	1250471374	1490258919
comp_pole	1000000	20	9454106080643272428	2107918587	1702322886
comp_pole	1000000	21	15261387477376596112	2091299837	1511312990
comp_pole	1000000	22	4231937325712257944	360662772	954488359
comp_pole	1000000	23	15436481736390454201	1285378966	2038800844
comp_pole	1000000	24	13435699104458508767	1072897763	813495146
comp_pole	1000000	25	583900751135373768	415278891	2102101538
comp_pole	1000000	26	342837162561370640	1061158160	814924651
comp_pole	1000000	27	12100659469270352374	224616120	1206749845
comp_pole	1000000	28	8731057184266110754	1397575886	1627851810
comp_pole	1000000	29	15726126571945486834	1259570834	1651060065
comp_pole	1000000	30	10912098684007917055	1773943081	1605395139
comp_pole	1000000	31	1941345701900628341	1892013652	1514481651
comp_pole	1000000	32	17963425904129450447	1452439725	2077401650
comp_pole	1000000	33	2523436104700333456	1635228904	113769679
comp_pole	1000000	34	7886908524477038102	1741866803	1224694338
comp_pole	1000000	35	17727446218862312102	652050593	977962160
comp_pole	1000000	36	5254563536130065523	1441940839	1218736506
comp_pole	1000000	37	6213876895506396570	486639380	1874172882
comp_pole	1000000	38	6408552081537553458	1417321217	85511545
comp_pole	1000000	39	4822776963324798315	69026698	910214045
comp_pole	1000000	40	17432371208386202274	2141814772	567011720
comp_pole	1000000	41	13713061955350031759	289656872	1047768715
comp_pole	1000000	42	12582164131775017419	1432228915	346224187
comp_pole	1000000	43	4598708143544789058	1935613599	56329490
comp_pole	1000000	44	703059800477783812	173810035	247865161
comp_pole	1000000	45	1108861056403657962	397974651	2133289269
comp_pole	1000000	46	433470848010686229	1550654099	1409631400
comp_pole	1000000	47	1682162924000350826	294958965	778678891
comp_pole	1000000	48	4059337983796743060	1816526294	1276278772
comp_pole	1000000	49	7245154808240794575	2082719901	1482220344
comp_pole	1000000	50	2978239830635035561	1139342503	1403497230
comp_pole	1000000	51	10695601090294591842	2129978029	1587738451
comp_pole	1000000	52	4972666267464321807	89000130	1759037597
comp_pole	1000000	53	17702919674311938550	186371343	462501960
comp_pole	1000000	54	14515024940023987197	988488724	1024496565
comp_pole	1000000	55	17963566484403989388	1829784966	1522686100
comp_pole	1000000	56	14500570310695326712	40544208	1715580313
comp_pole	1000000	57	7119164432030341357	235395733	1097825915
comp_pole	1000000	58	14281169343352300126	267114317	91173321
comp_pole	1000000	59	11243076237752726898	301359209	168411056
comp_pole	1000000	60	1888061828226108980	161147618	683944988
comp_pole	1000000	61	17070119593307411536	759647346	276817887
comp_pole	1000000	62	1823450844110642366	1167236158	927554864
comp_pole	1000000	63	8352159134647906042	1459094398	1591618655
comp_pole	1000000	64	4082884964439349781	1273599228	1438459856
comp_pole	1000000	65	11028047621749412425	47372856	1342011569
comp_pole	1000000	66	8547415181297831629	228580534	1447530945
comp_pole	1000000	67	15514277388062485156	1409304514	1002349873
comp_pole	1000000	68	8924623908142346137	175272669	2139864097
comp_pole	1000000	69	1168683102728664127	1113057100	1900628827
comp_pole	1000000	70	6822884120959473287	1556364375	1766692972
comp_pole	1000000	71	14098492943590152118	735724464	442201152
comp_pole	1000000	72	14456544132990258901	1503776679	499885516
comp_pole	1000000	73	14338497841712620384	345710278	904512274
comp_pole	1000000	74	12978450837309270480	421962219	407034753
comp_pole	1000000	75	5001899346462024009	1242209742	1568349374
comp_pole	1000000	76	6934661070215395320	1778931118	768852212
comp_pole	1000000	77	8045721033054620920	416389148	1878992486
comp_pole	1000000	78	15790280587396860964	672821078	879683292
comp_pole	1000000	79	16690481961723762835	36416290	1308695468
comp_pole	1000000	80	12556181609550719663	1290097908	1193231700
comp_pole	1000000	81	13858834048030245985	1071705068	2110033898
comp_pole	1000000	82	12755044683364903715	1088459103	357526228
comp_pole	1000000	83	11446898718400512835	314723068	1566172822
comp_pole	1000000	84	14951551695907663094	1917279111	1532059957
comp_pole	1000000	85	12897599733995102177	198880846	249717360
comp_pole	1000000	86	2981979303953826349	404489815	112280255
comp_pole	1000000	87	1234317899253889555	1778571686	1809601608
comp_pole	1000000	88	15820909216630096818	283771669	569552561
comp_pole	1000000	89	993855936612525175	91134484	1996642832
comp_pole	1000000	90	18325212274648008183	986386395	2040547805
comp_pole	1000000	91	17815097927773582836	1637379838	187299394
comp_pole	1000000	92	5347071794390871413	26028328	1741630209
comp_pole	1000000	93	17386020877643336077	581496629	1536170254
comp_pole	1000000	94	5173127398246001093	1069214777	10908694
comp_pole	1000000	95	4132301799323951055	2014163939	1193420499
comp_pole	1000000	96	3662139427602315240	1550788987	184844073
comp_pole	1000000	97	4267529042292666314	2116796073	590856890
comp_pole	1000000	98	1665793555307287672	1327549375	1776555310
comp_pole	1000000	99	9056747196592877263	1687477855	294998705
