# U-M7-02 Seeds manifest | master_seed=20260928 | data stream = g0/v1 (bit-identical to G0); tool stream namespace = m7-tool|<competitor>|<arm>|N<n>|r<k>
# note: profile=degraded adapter=docker provider=synthetic competitors=sigminer,sigprofiler commit=7de5b8cf7492fb818c527672ae9fc6ef4bb6f3ca
arm	N	rep	data_seed	seed_sigminer	seed_sigprofiler
main	100	0	3892182331271704643	378370763	157346364
main	100	1	10820360303607093643	1473519166	1802517059
main	100	2	10407241955487478744	1018102052	762205177
main	100	3	532147854617910338	1365988906	1640394333
main	100	4	9040993121995288930	2074323566	1361054480
main	100	5	15028459860850496220	505544073	1683951940
main	100	6	11115586842261660390	1942504531	289064826
main	100	7	14943438746963406638	375004206	11034305
main	100	8	2161704560070565654	1147741704	1940978072
main	100	9	12501870762656231088	734556709	1869656672
main	100	10	17033671546067348474	1090427022	1217341309
main	100	11	12266221113346098930	1079383845	1801656504
main	100	12	4733870113778021684	1615253142	849661158
main	100	13	13182666183714276194	1680445743	497084376
main	100	14	9571943682631186254	66519253	1515235409
main	100	15	9058903641757556302	1203488411	976824518
main	100	16	3026300490263460907	1521686787	994470212
main	100	17	16379194758984133537	1910737492	389553078
main	100	18	12298247164093982528	509516957	1791228558
main	100	19	10885598355763590101	1451104883	1002760522
main	100	20	13214510712289226380	1909367546	917237096
main	100	21	10797129325322263160	1178607339	1065988000
main	100	22	11605300570306117491	1020044365	439103228
main	100	23	3933929843692978914	1833949920	312352012
main	100	24	7056061098016410159	1017950006	204372422
main	100	25	14501829470593889703	1353758409	1932432432
main	100	26	10214023997360512122	1087954056	1343552597
main	100	27	14455993866651389478	181975045	1530473010
main	100	28	14740699444769693143	1217748148	1135394698
main	100	29	10995283552258683051	2114747094	1341038425
main	100	30	6570403879293134649	2034682704	707083424
main	100	31	14780153734281222453	1531482307	191053204
main	100	32	8830962011961476497	1100846758	626873392
main	100	33	8393296758452233676	1636314110	1038688155
main	100	34	12227848550731697970	1015552617	1629283051
main	100	35	4373745982396059034	468687224	71537246
main	100	36	11523173286947876504	566268409	42132139
main	100	37	8848858207877236010	1626348841	2044988728
main	100	38	17164564701970248400	1398955208	34183447
main	100	39	1386169748560577630	1898797912	940808005
main	100	40	14274139035103908631	945326203	1873549171
main	100	41	7629891506176147974	1809753603	189102750
main	100	42	13705806774339250840	1232968843	1792882376
main	100	43	11655907150051979618	1708506256	103861060
main	100	44	12267777516189369506	2077901586	836784442
main	100	45	8179576724707292968	1666345434	1792436555
main	100	46	7971241093963519068	1582949690	1441715060
main	100	47	10214230545117676300	734530766	1408920231
main	100	48	14676078063995491047	1224182704	802435671
main	100	49	17638573798109998192	806232563	2118613236
main	100	50	11223665235558251716	948459862	110717051
main	100	51	12269764714041234514	1273747608	508382272
main	100	52	10533604330360597855	59986058	1517655881
main	100	53	1618902068304677487	1284606026	202939755
main	100	54	6442555815107071286	598866300	1160160155
main	100	55	17246522484332719714	1899475344	502150862
main	100	56	2934650012722425665	1027592672	210822268
main	100	57	9310990928007016739	654437576	186969653
main	100	58	3608818459319721296	481587068	1063898063
main	100	59	4431832374388839803	265185141	223094322
main	100	60	17507835734357321406	1717317662	1897044795
main	100	61	4704794850620957877	1814671921	74387675
main	100	62	1633125697821333448	160394526	1675557796
main	100	63	9577270298858477100	1507356454	1779125568
main	100	64	11565582284317576402	1447577331	1610361623
main	100	65	695172168285863245	127442799	1368054470
main	100	66	9845786438064928426	1747634560	1170644718
main	100	67	3163117084719998621	1591154067	475665261
main	100	68	5266416891787160320	728704449	1846532639
main	100	69	9256704408698663155	55495758	765087011
main	100	70	6561842190825447653	1614181086	740588575
main	100	71	2927641129206287042	831311075	1739939023
main	100	72	10286188565354779694	1074793603	1026414621
main	100	73	2677673055081105664	1867113321	910004699
main	100	74	8855449679184285074	308447106	1705987539
main	100	75	6196421679893039833	402927007	863396258
main	100	76	8528654433622019821	1057016446	2036691610
main	100	77	1264999887332936014	203817943	696622674
main	100	78	1101102612044117469	2035035650	404493706
main	100	79	760202961587369484	839748293	823914728
main	100	80	5690819788913796984	1460847168	112824939
main	100	81	18179709902639206335	627321500	1867809881
main	100	82	11137807497809758156	464607944	1682577895
main	100	83	8760421628493004656	1370770464	639658211
main	100	84	3277069479993143004	925490316	1208848547
main	100	85	7788591140443489873	748872727	925610366
main	100	86	14406715894764582952	1065478460	173287009
main	100	87	10648658865249464217	952007863	1384174525
main	100	88	9438811090718272869	155657537	1005900595
main	100	89	16442192774841316855	618610211	943448731
main	100	90	4779435408432140371	2075239104	1729875873
main	100	91	7751672200964981010	904789830	1223521541
main	100	92	788665907431642072	289642855	727449167
main	100	93	6629917332351205533	517061770	296624977
main	100	94	18186006233237350051	1524653664	1295263038
main	100	95	5316078790620099584	296754911	309728618
main	100	96	4606705617331737122	2136900919	1514509307
main	100	97	6947652492227081848	375887910	1938142377
main	100	98	2447560705387499960	605034640	723681648
main	100	99	4243981853069694595	904047228	1515365082
main	1000	0	663988732034039842	1179398890	1586813777
main	1000	1	319328993915614430	47923692	1194221308
main	1000	2	4883674319524830253	752885500	1475908843
main	1000	3	1483628833557839299	2129102094	1244094730
main	1000	4	12744133713140540224	325837000	1322175853
main	1000	5	10678116377552101486	398069309	36529920
main	1000	6	14825327996378140571	1850429196	1721720308
main	1000	7	1821376549423341828	536467853	1271886444
main	1000	8	9356360226885338835	216476528	1484355694
main	1000	9	14819816986925987130	203436478	1379050328
main	1000	10	795615182365265265	1277322291	1945221518
main	1000	11	10260932002942156683	1133573975	675673158
main	1000	12	4074607361655154041	1587776476	1406609271
main	1000	13	2641673204266504514	1792953053	405336518
main	1000	14	13529090359979118047	395158152	896580679
main	1000	15	12672429727769950011	791718941	1798530443
main	1000	16	4027441026325786814	275883786	2009772341
main	1000	17	13332236969054076120	376331719	1015292303
main	1000	18	915346667447552160	975058198	1592989454
main	1000	19	15955074115168860842	1286198892	1743901354
main	1000	20	12071280859882934361	352979264	1232086378
main	1000	21	14164395966089169070	481118118	583063427
main	1000	22	7808318238667529713	684693593	2011098900
main	1000	23	14598386949232029960	1308336842	680996056
main	1000	24	17182255303057355976	968051037	119761603
main	1000	25	9432713594633609302	1767917022	1846466602
main	1000	26	11991563351168682301	975668975	591549700
main	1000	27	14370889343001171531	585238102	1504622356
main	1000	28	10340277322483534808	1533291893	532729856
main	1000	29	1209811731322547568	1344274877	1545819056
main	1000	30	4701883079045584934	1848758212	1718113617
main	1000	31	843675344916726202	707571418	378626335
main	1000	32	6142669439418614937	1810112267	544744181
main	1000	33	13067386032703634143	480047420	164130291
main	1000	34	14406427078445186206	73197579	1846771023
main	1000	35	11502221205293019803	1252048432	297683042
main	1000	36	3018883717717833595	1044785291	1230708986
main	1000	37	4532415008197011738	1572491569	841793975
main	1000	38	17797596786809265738	142567756	1517736719
main	1000	39	4927267148185390171	273043875	519662699
main	1000	40	10238081310762663925	405467244	394699838
main	1000	41	12315983038376556990	338724092	139347130
main	1000	42	10561328478134611711	1037245737	122126863
main	1000	43	3012612138553744333	1774114197	1128115690
main	1000	44	1359974045054423682	230437740	1449008079
main	1000	45	3202243348673850397	562302748	1745554214
main	1000	46	17960079696670556743	360640084	1513780928
main	1000	47	14858305013500380088	714830811	281917799
main	1000	48	16284144197375448058	843656719	1667178747
main	1000	49	16403189548066361211	1848244897	2100719476
main	1000	50	10787582435201430582	1826434591	1520783799
main	1000	51	14035257037336764899	1133388843	802684256
main	1000	52	15291487208409298133	264997185	2123030489
main	1000	53	8293015606737638086	1534931617	993213095
main	1000	54	14813133809566425140	1916351048	262346204
main	1000	55	13655721684835791399	407429209	1168941281
main	1000	56	3969326266847317144	2080229363	1014283077
main	1000	57	4031653716838326867	620164517	459838923
main	1000	58	16974819876648443185	2066508583	609668766
main	1000	59	12079318281257175707	1663884514	1939752746
main	1000	60	6675507444883703189	567423874	814398806
main	1000	61	2939597083303687493	524829097	629562782
main	1000	62	13230384345409042048	1680936351	1619122091
main	1000	63	1866998191519706461	690747060	1270773924
main	1000	64	12635262055059934135	867702462	419472702
main	1000	65	4623235873422826458	418209817	1476194865
main	1000	66	245441939948855298	872477150	2006684405
main	1000	67	13314847514301921089	1689694619	892974319
main	1000	68	3900872884239854456	687677851	654113220
main	1000	69	17921059338958896355	1098821920	1130779603
main	1000	70	9584113260593652064	621817124	310271121
main	1000	71	426094153519796819	2102213681	854924812
main	1000	72	16884899130642816610	935352491	2040358364
main	1000	73	1427064434831042440	1905391603	1168164208
main	1000	74	15642649807228431315	448476653	168925365
main	1000	75	135102337821695959	1398735855	1415514884
main	1000	76	18363537382900979092	1459991990	1338153877
main	1000	77	18388289935108908773	1020644721	2117152751
main	1000	78	1490768514032749422	508775244	1930270297
main	1000	79	17643563810582020370	700380037	503063559
main	1000	80	2157035298459916482	276179919	962511673
main	1000	81	13142030108296084941	926317216	1055645592
main	1000	82	5503328028814288843	1999080792	466371315
main	1000	83	477275655312618223	1217288415	936536444
main	1000	84	4145420059745528572	513743605	2043942540
main	1000	85	3974147441385825229	97423294	960889405
main	1000	86	17903982426748116087	2127133231	103579972
main	1000	87	8182620017194820995	1433431254	1249291049
main	1000	88	8550374535181491941	150085871	2115630831
main	1000	89	7702954303293620040	785596503	1732050710
main	1000	90	16085212064153836790	2034789219	396573064
main	1000	91	6197226044538221451	510268783	945079942
main	1000	92	13613984929104887892	294347005	1186944686
main	1000	93	11251410768085983830	2086402870	1737342069
main	1000	94	16375197647926088940	1447878648	1345186046
main	1000	95	7356647921944664407	743335446	138539973
main	1000	96	2496202163365641996	540643496	597753319
main	1000	97	2923122522814579478	920095934	36804440
main	1000	98	9130126226881487102	580951847	674291883
main	1000	99	1486572049727035309	2109345991	371327973
main	10000	0	2237003083837261163	1225993887	280565659
main	10000	1	15015851777973968669	2118338914	1476681352
main	10000	2	3861042311550678788	1483927019	718952491
main	10000	3	12745307322432546198	194341536	1062579117
main	10000	4	18009972242891915505	773467891	992513440
main	10000	5	267040040791554984	967377710	114111363
main	10000	6	6314801255721591545	2028890839	1889553305
main	10000	7	12830884694241864745	154276036	1856356063
main	10000	8	6828569067529282388	1068201194	2098648758
main	10000	9	9488748837999964660	2121542713	21092054
main	10000	10	13370501010846749197	1648665918	1471872872
main	10000	11	14131324600889523061	443482263	962383431
main	10000	12	7545750939871775600	1538674407	1459150806
main	10000	13	3778200672215430498	194644552	882191696
main	10000	14	5869591230607167952	784674902	1591812387
main	10000	15	13848956582470214155	679196017	44017231
main	10000	16	1838256576752382162	1532090469	1760874737
main	10000	17	7778619432728860698	1817033867	2146890769
main	10000	18	3853671074814005032	1869110484	1706454013
main	10000	19	11442908451583200076	1974931774	1200420052
main	10000	20	9101256054114947088	1333841283	526061805
main	10000	21	2092247802801359593	1011055939	1628191554
main	10000	22	12989816109178468318	2089782238	475249604
main	10000	23	16701578275715216889	1920851260	881068596
main	10000	24	1063945171310066677	1216622421	855332127
main	10000	25	9051637040420134956	1347022405	1689470388
main	10000	26	2155520650462534130	1325665045	1533791148
main	10000	27	9516750698945415461	24262261	1779674258
main	10000	28	11243397657790332573	2032169355	1403105464
main	10000	29	6892281574750762551	1735976350	1871590773
main	10000	30	7193358049265057205	1899639477	1220605799
main	10000	31	5406278057194303651	1660226227	370604867
main	10000	32	8165600948781412385	1852431731	119462437
main	10000	33	9276262952828604058	257630906	927833589
main	10000	34	9165575995576859709	2058347759	1408378260
main	10000	35	16151364353863117712	246063572	1130440355
main	10000	36	1806257588899018211	1776972523	2000844949
main	10000	37	15146506561422170562	1685414625	1115126992
main	10000	38	1374836094816889363	780875441	1964478934
main	10000	39	6302893787535030822	302688202	1006879753
main	10000	40	4084859638859864999	1134715850	543992323
main	10000	41	11445860079070137712	1104937876	1989615740
main	10000	42	14747815503120146639	2122194185	151524796
main	10000	43	6990908455352848997	13757885	1679065776
main	10000	44	14164129759267096335	371095633	1906984103
main	10000	45	4423686590976274570	1990467005	349507132
main	10000	46	18090108545983501489	783935231	796804150
main	10000	47	12626373083729287343	1587606393	400861855
main	10000	48	3937501089602976378	2131890352	415705874
main	10000	49	5041823864086489769	1329138667	2055203858
main	10000	50	898343631398335349	1432961383	1277404331
main	10000	51	7126989920256556837	1478014675	1495848065
main	10000	52	3642461256781828239	640041454	227579087
main	10000	53	4750768458012595981	526892892	753855981
main	10000	54	10865595334713263455	911449574	2084072852
main	10000	55	8220792468359759921	1254415180	740815573
main	10000	56	6735330234931604442	954250583	1506511940
main	10000	57	10751228941295952371	672562771	1960938542
main	10000	58	13690423934859256077	1326444814	1997948637
main	10000	59	16044756940710875503	1065450415	165799144
main	10000	60	10874809864184088215	1470543953	484492619
main	10000	61	5620851125341965954	987218815	1007782516
main	10000	62	16112454368608859118	2015008939	171694914
main	10000	63	7851159448165849014	553073510	81939845
main	10000	64	12593074768175363046	887151411	1581691269
main	10000	65	8739627675742205636	780156520	822536729
main	10000	66	16367209043712426294	1481974139	392232719
main	10000	67	5171295237711830460	505696322	694650147
main	10000	68	17025145681264192933	808994667	1465108630
main	10000	69	13520270052596107136	870222612	197011174
main	10000	70	8234565982663489553	1703597273	1317787419
main	10000	71	2523943207949009434	1810577503	359433892
main	10000	72	4811975251386040846	1279172269	1901280706
main	10000	73	455481602132425165	2131052945	929099637
main	10000	74	1134580341139727965	808187167	1899499453
main	10000	75	3160562014342052029	168685260	380420878
main	10000	76	8089110218742558148	1687902331	1329614203
main	10000	77	15110915694757891630	2002801865	335565267
main	10000	78	9825060756434484654	1525020480	2097616347
main	10000	79	12324822550481923679	1560014452	1566229764
main	10000	80	7125116452315098221	1515985009	1801281875
main	10000	81	8684084518227352059	1849323608	1794586197
main	10000	82	10081030841064061860	562746105	401744741
main	10000	83	10648152054274970729	1535309723	604495083
main	10000	84	11905590770116436300	859352517	242740920
main	10000	85	15691036125137919604	1752064566	1013936440
main	10000	86	5728326578801712360	1084755925	1127205113
main	10000	87	15089604853980994408	1060958082	1495396188
main	10000	88	1968132045412553467	975899784	82539246
main	10000	89	16397191031220272459	1421104314	1665540221
main	10000	90	11700496384601497603	1932342847	1338288014
main	10000	91	3513528266081198777	1586021624	216489802
main	10000	92	10446762988727571432	1368746378	1980443511
main	10000	93	9081716442812686177	950974320	1131524557
main	10000	94	16241978312544836564	1131088814	445227022
main	10000	95	14806399730072960080	472837204	421977054
main	10000	96	13159458927480319233	418128591	1356136154
main	10000	97	15498349366523451498	2068260546	315652959
main	10000	98	16111168137279069104	1793206019	1906111402
main	10000	99	12475711597267283382	1622160834	806234808
