# U-M7-02 Seeds manifest | master_seed=20260928 | data stream = g0/v1 (bit-identical to G0); tool stream namespace = m7-tool|<competitor>|<arm>|N<n>|r<k>
# note: profile=degraded adapter=docker provider=synthetic competitors=sigminer,sigprofiler commit=7de5b8cf7492fb818c527672ae9fc6ef4bb6f3ca
arm	N	rep	data_seed	seed_sigminer	seed_sigprofiler
nb	1000	0	12403870183931229977	1466524387	994577719
nb	1000	1	16138854778367581324	680352529	158398505
nb	1000	2	13801697337652846852	2106968532	981900296
nb	1000	3	2714330185329587474	2096389233	236151556
nb	1000	4	3433855834083811199	682864599	420189282
nb	1000	5	3306809079689176477	661546295	1277194085
nb	1000	6	16278824516791410634	1984046616	1597715035
nb	1000	7	2714858470733766689	1440380027	633113543
nb	1000	8	10667177783352319224	1535858410	2103914685
nb	1000	9	14654062220788751964	515066321	1800727320
nb	1000	10	13075764563634511775	1408250110	1551278527
nb	1000	11	4828082343097985698	1690003462	374667944
nb	1000	12	1482552569908481643	64541650	1664539398
nb	1000	13	1152569976218018477	1747046831	108875839
nb	1000	14	3742625473894852418	1469999134	2137020475
nb	1000	15	2225998588629405127	218163574	796181243
nb	1000	16	2502541364524743188	1815015361	483990474
nb	1000	17	12447643412530345900	1528669003	1847280450
nb	1000	18	8919504886699950681	1488992275	192522887
nb	1000	19	8556583284163488661	1076268889	1064573189
nb	1000	20	15454638567885710456	1551556471	1192596407
nb	1000	21	324034960770923914	1310359147	1381717748
nb	1000	22	322356811539020850	153980451	358674519
nb	1000	23	6970286133455772562	354095276	1072004904
nb	1000	24	3957077586394617078	459245729	809196247
nb	1000	25	16876573147270475332	526434531	1028265224
nb	1000	26	13948585110242675223	1782623470	1327514570
nb	1000	27	8248551733863902290	593600489	478702281
nb	1000	28	17009260242987975168	884155065	1256101487
nb	1000	29	3783358544664494719	1654769003	736369819
nb	1000	30	5565385571568039701	1776740550	341869979
nb	1000	31	14150569258849061460	132869193	617760084
nb	1000	32	3856614585419201840	1783782162	2097212605
nb	1000	33	13834136461750297065	1961567513	427227732
nb	1000	34	5934902243003695753	1209289670	387113107
nb	1000	35	14576513109164326201	1535715983	1326478585
nb	1000	36	14547594049645646437	426422633	466949237
nb	1000	37	271362000970744589	465067690	1929766492
nb	1000	38	1843674429213136755	973252958	211508765
nb	1000	39	17005203399742615969	1785012883	780978541
nb	1000	40	5689993750438637042	1121709408	743615240
nb	1000	41	13758912664171112076	333046308	1032311225
nb	1000	42	25629372630026598	1291049121	1420145591
nb	1000	43	8027764117483566537	1395025447	554639976
nb	1000	44	16395013325881707708	1425417021	74801745
nb	1000	45	13644745860191596190	1903756551	1549368819
nb	1000	46	13636754973432263836	890749249	854201147
nb	1000	47	17741761843734993215	1708988244	2005181722
nb	1000	48	7090387162240105282	2132807126	80806424
nb	1000	49	18373732758379989571	1781547467	1814310892
nb	1000	50	14476322704347003590	264311835	703313258
nb	1000	51	16098320532391838056	487207558	237020693
nb	1000	52	10415065961605991399	496767609	1910186949
nb	1000	53	18021091982948304154	603458417	1331950642
nb	1000	54	17258649698764875711	1204823826	1981058639
nb	1000	55	11437905949290085443	719360395	1697260136
nb	1000	56	989238411891368153	2139140725	829431780
nb	1000	57	2707948915290290222	1331668531	490721714
nb	1000	58	334185391683422484	257538142	1694039122
nb	1000	59	688621317852130905	2062611821	1027446400
nb	1000	60	16346573825827984170	1345113157	1730155739
nb	1000	61	7785901187265220404	558821386	1390672490
nb	1000	62	2933046481714988446	1877689026	1845387557
nb	1000	63	2535705263236605740	1854552385	188585442
nb	1000	64	13631525087326718773	1641109987	112467921
nb	1000	65	13601326813257123073	2111674955	1846504339
nb	1000	66	407056738910791706	647705836	954259198
nb	1000	67	16047587508800558245	927504234	555356356
nb	1000	68	18437982464858336806	1516962610	1853684252
nb	1000	69	9882818407700036555	1042853344	1007389136
nb	1000	70	8657047716205608172	1475795645	408047099
nb	1000	71	1285733664135127547	1856621957	192559520
nb	1000	72	2048491431168029257	349308940	551407139
nb	1000	73	8208070880361318137	1920514629	1055430476
nb	1000	74	4273909110903735644	1553971093	1690174641
nb	1000	75	7019414634088404793	634095002	1032677943
nb	1000	76	11396951800040417070	1944486802	137569933
nb	1000	77	4481714019962931035	309830362	1541251915
nb	1000	78	9279022810464565943	1370770630	480159445
nb	1000	79	6156261677793221834	203960885	382001860
nb	1000	80	11531923624936468991	1175248581	1346844727
nb	1000	81	11308405538067835863	380532578	542306548
nb	1000	82	1689454506071006644	4809729	2140558696
nb	1000	83	673663023436592547	1471676578	508139864
nb	1000	84	14092625731036255112	1660193315	1787804635
nb	1000	85	7866043517141131998	1249727066	1258071787
nb	1000	86	12794530104488152472	2126418839	175457958
nb	1000	87	9685666972038505882	1130066049	1036840392
nb	1000	88	9085040869880045821	1323320642	1318455894
nb	1000	89	16564584615082487656	818984411	821830732
nb	1000	90	12368417163021815024	1509999935	404364879
nb	1000	91	5739559543149755099	245285595	1401333263
nb	1000	92	13977395800450864438	259058486	12064843
nb	1000	93	17364315305241880828	1851224826	1707359800
nb	1000	94	6799172921920515449	1164456810	453317236
nb	1000	95	3118397515895757487	1939314797	1954570061
nb	1000	96	16350629129253906382	1824905775	2134330781
nb	1000	97	5998600646709160307	243197967	2117642637
nb	1000	98	17531177887339015646	1986187648	684855480
nb	1000	99	8889334807626674539	1343051680	1299634664
