# U-M7-02 Seeds manifest | master_seed=20260928 | data stream = g0/v1 (bit-identical to G0); tool stream namespace = m7-tool|<competitor>|<arm>|N<n>|r<k>
# note: profile=degraded adapter=docker provider=synthetic competitors=sigminer,sigprofiler commit=7de5b8cf7492fb818c527672ae9fc6ef4bb6f3ca
arm	N	rep	data_seed	seed_sigminer	seed_sigprofiler
comp_strong_flat	100	0	12457475926460578025	531532391	1995000474
comp_strong_flat	100	1	9829160160871256424	1141174581	1638153373
comp_strong_flat	100	2	17896504957474544889	101188595	841601302
comp_strong_flat	100	3	1903214756711757382	1996717138	871046816
comp_strong_flat	100	4	9058395803488968453	313952471	1180120539
comp_strong_flat	100	5	15305064344568750169	1541109802	1349309837
comp_strong_flat	100	6	3311715262109836930	86487968	294144931
comp_strong_flat	100	7	15879036526341477631	694929339	494780193
comp_strong_flat	100	8	9165387440156407136	608746144	173485070
comp_strong_flat	100	9	14857530764543758073	1618538156	1190097591
comp_strong_flat	100	10	14871163919508238747	267666383	782720305
comp_strong_flat	100	11	7097397706955926808	331821439	2089523203
comp_strong_flat	100	12	16342539120198430365	849946315	505744666
comp_strong_flat	100	13	312145142140117209	447779092	511233985
comp_strong_flat	100	14	7471038739207829598	104708486	258834350
comp_strong_flat	100	15	7529466750274489428	1637291197	254422462
comp_strong_flat	100	16	15737223312362977916	1847476190	1427685915
comp_strong_flat	100	17	6023122519839181021	905958256	1509991238
comp_strong_flat	100	18	270601475705642647	1358654306	506418405
comp_strong_flat	100	19	9260611220648785690	459618483	1174587682
comp_strong_flat	100	20	7282818868959459278	842273614	90480367
comp_strong_flat	100	21	11654448605348558441	814275591	983050204
comp_strong_flat	100	22	10776822772990906937	1745803488	1996289969
comp_strong_flat	100	23	15571360555647965943	1190590053	1092172243
comp_strong_flat	100	24	4563750882688810938	1086888481	370518649
comp_strong_flat	100	25	765195642261383782	1085983516	27116730
comp_strong_flat	100	26	2260694228156309554	1687588001	97547159
comp_strong_flat	100	27	4237908880320288151	1221295718	655829963
comp_strong_flat	100	28	11376927197457735566	590733714	2115288165
comp_strong_flat	100	29	168595745501705009	1166840876	506224152
comp_strong_flat	100	30	7450768139580726393	979792479	1020359323
comp_strong_flat	100	31	12535909447694298081	392923252	1715552445
comp_strong_flat	100	32	11563982895374419751	517350961	1604218088
comp_strong_flat	100	33	13546337349558814753	1090589511	1224679846
comp_strong_flat	100	34	3911337365577925142	1925538570	946513663
comp_strong_flat	100	35	2314677233062617057	1334414936	2000131550
comp_strong_flat	100	36	17470405109515310255	997834882	1971399318
comp_strong_flat	100	37	13875527590398205993	45990525	51233168
comp_strong_flat	100	38	3322543039510242696	1528761367	727753790
comp_strong_flat	100	39	4178758866875389535	1201534313	1553200023
comp_strong_flat	100	40	18155177269303779480	1023844921	70893221
comp_strong_flat	100	41	12744911454266219479	845557578	2034543636
comp_strong_flat	100	42	7209460394577244184	540626318	672928088
comp_strong_flat	100	43	15754257311391427937	1064768200	132701027
comp_strong_flat	100	44	18206739425805937060	839782233	797030424
comp_strong_flat	100	45	17423045747245782477	1937632142	1170425191
comp_strong_flat	100	46	10147739055035908607	44676823	1899590246
comp_strong_flat	100	47	15192515313460488087	987488787	665562346
comp_strong_flat	100	48	5694405334710455050	1809857746	1512479886
comp_strong_flat	100	49	819737627641188947	87190028	799534376
comp_strong_flat	100	50	14003483771448371742	142424661	1486929019
comp_strong_flat	100	51	16840477558801073447	2077183649	1069067783
comp_strong_flat	100	52	2423921736943005201	116177540	1962876454
comp_strong_flat	100	53	15591557583227715089	1167889459	1957823897
comp_strong_flat	100	54	14560798565378236323	1420073817	1498393655
comp_strong_flat	100	55	6630946275876389513	405491145	125211628
comp_strong_flat	100	56	254578185356485549	1405160431	1885327271
comp_strong_flat	100	57	10981112654841460736	1685154049	791762050
comp_strong_flat	100	58	3335948923600735040	1141565524	94246716
comp_strong_flat	100	59	14112117713961317232	102103765	945193079
comp_strong_flat	100	60	12976770252109065711	1481986135	2039480574
comp_strong_flat	100	61	5150942999791442196	363994509	2071033682
comp_strong_flat	100	62	56425545514044318	1628292507	733047338
comp_strong_flat	100	63	10449512978346976300	803603961	1547520202
comp_strong_flat	100	64	14627708703545352637	394375788	150699863
comp_strong_flat	100	65	14924924711034829879	1559854054	460459499
comp_strong_flat	100	66	1602796086041296726	2000510518	335616547
comp_strong_flat	100	67	5648466460975810160	1739614086	1343839717
comp_strong_flat	100	68	14469905652751287877	1837003077	1678083032
comp_strong_flat	100	69	11787960944877861499	1965642385	1640921917
comp_strong_flat	100	70	12755268305254040627	1486985454	2056478254
comp_strong_flat	100	71	3934841792306077309	724304336	1215751293
comp_strong_flat	100	72	11860775833053435662	1372714380	1502416155
comp_strong_flat	100	73	14508457843945170757	1545950188	421816448
comp_strong_flat	100	74	7295881417863493819	1039297786	1142984470
comp_strong_flat	100	75	15950038049075636335	1476273812	2061995734
comp_strong_flat	100	76	15583714432807685991	347122061	2074820852
comp_strong_flat	100	77	7189540789144299563	1658876151	6375981
comp_strong_flat	100	78	9071239046436677356	274227333	1053012127
comp_strong_flat	100	79	13752529291581096432	1006635824	870909645
comp_strong_flat	100	80	1831462831699149555	62518175	1459836616
comp_strong_flat	100	81	1099525436426924735	1953697455	981078999
comp_strong_flat	100	82	8484458760337640586	1675732924	2145116054
comp_strong_flat	100	83	7716007655266911449	1599835794	406419217
comp_strong_flat	100	84	16575704783968201375	704451040	272907631
comp_strong_flat	100	85	3258943929887709204	1131762396	1640639071
comp_strong_flat	100	86	17152531391580218710	786043682	2000289866
comp_strong_flat	100	87	7171564074988733148	846503463	1681380769
comp_strong_flat	100	88	17029695627676197033	284472966	2073623601
comp_strong_flat	100	89	2834596040200284175	1771258914	991883118
comp_strong_flat	100	90	15660516381089594053	1866688091	1062313754
comp_strong_flat	100	91	6938284333839463481	1908476310	1024139608
comp_strong_flat	100	92	3911385245320100475	454433295	2047535022
comp_strong_flat	100	93	14490532905170095313	630647387	454227099
comp_strong_flat	100	94	13537600603390909766	1680246636	441793718
comp_strong_flat	100	95	18243659876704341733	1762837067	961517545
comp_strong_flat	100	96	15595326106429612423	702975975	1086607610
comp_strong_flat	100	97	14327393083022091806	1222165871	1205544944
comp_strong_flat	100	98	8930168695203371777	367465933	453926978
comp_strong_flat	100	99	16981171506716867236	510805198	1707631915
comp_strong_flat	1000	0	9802761604876494020	6564453	688745819
comp_strong_flat	1000	1	16493703704203840136	1528218834	475322487
comp_strong_flat	1000	2	7428204565839496820	2089269333	1015437756
comp_strong_flat	1000	3	3332768726003689417	1607651924	706941097
comp_strong_flat	1000	4	11117460054170231578	413520601	1212802184
comp_strong_flat	1000	5	5199462244706009302	1847378713	2071730792
comp_strong_flat	1000	6	2686265434892299271	1489533141	166523318
comp_strong_flat	1000	7	14575017561861972940	2088220525	1291524482
comp_strong_flat	1000	8	11741159114345885580	1760938737	519403246
comp_strong_flat	1000	9	56250658193185459	468635260	1625018868
comp_strong_flat	1000	10	16256596444072846399	991930776	1827114988
comp_strong_flat	1000	11	11466488798762963406	998212708	1768224374
comp_strong_flat	1000	12	13870048453999071151	1859371503	1135344563
comp_strong_flat	1000	13	15444903521428832922	685570231	1468678618
comp_strong_flat	1000	14	11515051737480435031	155594755	1460564787
comp_strong_flat	1000	15	3611759756685030330	1513785249	1654243414
comp_strong_flat	1000	16	1937186214555357388	1656125010	396083412
comp_strong_flat	1000	17	6619115432710268324	173323874	811992333
comp_strong_flat	1000	18	5569760885018081184	285844228	766770080
comp_strong_flat	1000	19	13634200159724392180	2086233864	1476843683
comp_strong_flat	1000	20	299597289053743391	594558291	958299447
comp_strong_flat	1000	21	8917101163581001263	2107236620	8920177
comp_strong_flat	1000	22	13962607502974275270	151380619	985019047
comp_strong_flat	1000	23	13003771039354177633	2107263684	1575133522
comp_strong_flat	1000	24	11063016065906263786	465002340	426719729
comp_strong_flat	1000	25	2573051212190668631	1250452854	1910588152
comp_strong_flat	1000	26	6883104333349717854	627742642	1836113775
comp_strong_flat	1000	27	717205931218336604	19113206	98864262
comp_strong_flat	1000	28	5312405763911454609	36168706	1390133808
comp_strong_flat	1000	29	4049997964578843217	668388674	1577559538
comp_strong_flat	1000	30	6973434244754399404	142460190	1674380473
comp_strong_flat	1000	31	14084776807942839726	187530293	1187767806
comp_strong_flat	1000	32	3678463425863287288	407008846	510836738
comp_strong_flat	1000	33	3075841103354120301	921563097	685995509
comp_strong_flat	1000	34	3941100484064844845	657936866	1624558794
comp_strong_flat	1000	35	10671604936022685783	190677633	1836885610
comp_strong_flat	1000	36	11056961499687460619	1639467003	1889733650
comp_strong_flat	1000	37	560451293844937433	297535674	79657639
comp_strong_flat	1000	38	1813101698179648088	1167331644	193445268
comp_strong_flat	1000	39	3248715033783565832	1878418988	1446017473
comp_strong_flat	1000	40	13155410810070875004	1442576256	560820088
comp_strong_flat	1000	41	17233453019781582596	2143277786	522437029
comp_strong_flat	1000	42	8980442018069470744	782636421	1248329074
comp_strong_flat	1000	43	2339237349843083087	943717608	271842739
comp_strong_flat	1000	44	9001558550011024052	1204054720	186812001
comp_strong_flat	1000	45	1828079522976955091	454840891	912772908
comp_strong_flat	1000	46	8667813582290037831	1849784602	1806435459
comp_strong_flat	1000	47	15686537577206901029	221789583	2145047680
comp_strong_flat	1000	48	18196805515979139551	1651698519	349314477
comp_strong_flat	1000	49	3978847462698717038	2099099688	1998727269
comp_strong_flat	1000	50	3962636168674091415	317842406	1988894519
comp_strong_flat	1000	51	855469850096814634	1439427095	2147426315
comp_strong_flat	1000	52	15606593569380353046	344932473	1164685170
comp_strong_flat	1000	53	11719216030382098453	1614881326	1376787395
comp_strong_flat	1000	54	11611153845017962667	419697719	339179843
comp_strong_flat	1000	55	6352634648807633678	915341578	423179886
comp_strong_flat	1000	56	5066934113190276442	336157826	1389662521
comp_strong_flat	1000	57	13519561917311812952	2145475005	2033822216
comp_strong_flat	1000	58	10936553058538803931	2015789097	949999785
comp_strong_flat	1000	59	15262658900047809223	553292290	986676662
comp_strong_flat	1000	60	3101666320568627988	2075920386	927126563
comp_strong_flat	1000	61	18045137415745732548	471837704	1693504700
comp_strong_flat	1000	62	17692068012814691168	1452005479	793771474
comp_strong_flat	1000	63	13435018653917267829	1704540612	1610264466
comp_strong_flat	1000	64	10331744390334102269	1206195973	1579410772
comp_strong_flat	1000	65	8944008644944027629	309020922	827202648
comp_strong_flat	1000	66	12353172636859842683	499414615	182008885
comp_strong_flat	1000	67	11690024773397073331	117593092	1046138376
comp_strong_flat	1000	68	15074325985940226248	1750774566	1007856728
comp_strong_flat	1000	69	10888138418992415814	967679983	486120811
comp_strong_flat	1000	70	15356744369656592586	486671122	1203242643
comp_strong_flat	1000	71	2712569407798301798	1103187014	889062719
comp_strong_flat	1000	72	5941526109518963603	478420779	1991059098
comp_strong_flat	1000	73	16216041267812805063	1971358053	421240685
comp_strong_flat	1000	74	7890867204961888869	1862405311	1013552091
comp_strong_flat	1000	75	13117099009800828676	696450038	1227330352
comp_strong_flat	1000	76	1308132519685599370	1311895157	329976576
comp_strong_flat	1000	77	15966632477539721665	1530926161	1746685216
comp_strong_flat	1000	78	12275091353311834254	1458097799	16974005
comp_strong_flat	1000	79	8054755763944304908	1510092469	981041647
comp_strong_flat	1000	80	12322100287746089440	1206276328	1263118048
comp_strong_flat	1000	81	5402266645303380446	1402953829	649472303
comp_strong_flat	1000	82	3042376283219549097	1038820210	282916638
comp_strong_flat	1000	83	5293598077423618859	1486173622	404319495
comp_strong_flat	1000	84	7289702877674415948	1498321324	139957210
comp_strong_flat	1000	85	6613669953664616993	1544393719	153923817
comp_strong_flat	1000	86	10070191750278622771	364846644	1049801086
comp_strong_flat	1000	87	5982176988677123291	692275627	779431538
comp_strong_flat	1000	88	12740413549853540807	1828268731	1890541706
comp_strong_flat	1000	89	2204615156841756810	1685399737	1848727360
comp_strong_flat	1000	90	3659515507534790229	1419598352	1715695336
comp_strong_flat	1000	91	9275644662154140190	1345964984	1409231711
comp_strong_flat	1000	92	3684661471683138276	1253904001	972565898
comp_strong_flat	1000	93	6634848348292982557	1335342244	104377717
comp_strong_flat	1000	94	14387120616547256735	1299075241	2087624100
comp_strong_flat	1000	95	1660776552489081227	2062745642	1516223061
comp_strong_flat	1000	96	7522387044467195021	2096477511	1961161634
comp_strong_flat	1000	97	1143133679358173857	1062330215	384925166
comp_strong_flat	1000	98	7784409409037226619	2006591708	2085259056
comp_strong_flat	1000	99	13189486195344446067	886216336	151564611
comp_strong_flat	10000	0	3814247398648392539	2139455601	1528525392
comp_strong_flat	10000	1	293144407650195682	1471848595	594764023
comp_strong_flat	10000	2	91420405524442148	994988247	2136131221
comp_strong_flat	10000	3	3057798058121943403	1313019216	1650392608
comp_strong_flat	10000	4	2313054305629515850	1186204867	591013172
comp_strong_flat	10000	5	7860328444384202811	114866241	1782190705
comp_strong_flat	10000	6	15447213844703842930	113363990	252346921
comp_strong_flat	10000	7	1839404499989672140	772995184	431761845
comp_strong_flat	10000	8	583091850697767444	617128552	1926993627
comp_strong_flat	10000	9	12651851574196911059	590931849	2115461179
comp_strong_flat	10000	10	8939897460987354706	313517575	2097794038
comp_strong_flat	10000	11	10481274766705647538	1433674781	1332285935
comp_strong_flat	10000	12	117368515975345439	1276270518	987015904
comp_strong_flat	10000	13	1014513692534827516	1117450657	1497483584
comp_strong_flat	10000	14	10767487095348715975	535179602	17465718
comp_strong_flat	10000	15	10875786227092060594	1653326210	134690975
comp_strong_flat	10000	16	10347994343519365001	779941318	318908763
comp_strong_flat	10000	17	6205116751627142165	1356848030	1767994031
comp_strong_flat	10000	18	7062863077501202543	1892178655	91395817
comp_strong_flat	10000	19	2950716560447952235	1245887110	338626924
comp_strong_flat	10000	20	13852053548895385176	1454433598	1172701173
comp_strong_flat	10000	21	14224424747138605582	37049746	1609587671
comp_strong_flat	10000	22	1959170138270034710	964112279	360949288
comp_strong_flat	10000	23	163050823110019975	1699928539	1165200140
comp_strong_flat	10000	24	13965448949840030934	210447691	916755118
comp_strong_flat	10000	25	12616939989878559734	1503112548	1945289584
comp_strong_flat	10000	26	11362959193076158614	170690751	2075037168
comp_strong_flat	10000	27	1818208271466145208	1158580585	367405101
comp_strong_flat	10000	28	4886010387878456907	1451295651	599960477
comp_strong_flat	10000	29	1678804255524356708	681307403	255123275
comp_strong_flat	10000	30	3027262684250692638	1119097122	400186643
comp_strong_flat	10000	31	2419222414982290183	1191945597	129714776
comp_strong_flat	10000	32	16555282126281322869	2066288280	2036680221
comp_strong_flat	10000	33	15026417924601252898	282888821	316991624
comp_strong_flat	10000	34	11493049138507533246	13980471	2006360315
comp_strong_flat	10000	35	14016169581207063037	1198764910	1519274253
comp_strong_flat	10000	36	15649500222356460972	278585700	667802042
comp_strong_flat	10000	37	1491900440947229758	73594973	740075462
comp_strong_flat	10000	38	638762093215524661	988018907	580964281
comp_strong_flat	10000	39	12538197228661033067	1131529287	539030697
comp_strong_flat	10000	40	10166431897797423729	1852495810	2115497
comp_strong_flat	10000	41	17407054259492614129	56464456	1847086411
comp_strong_flat	10000	42	10100219575250496158	661299629	483065197
comp_strong_flat	10000	43	15806070011263797458	1235296601	1775247386
comp_strong_flat	10000	44	12191925190889672668	675678762	85310533
comp_strong_flat	10000	45	10296233166061373839	1860614650	615069683
comp_strong_flat	10000	46	17600649084384374352	1306353172	1111565970
comp_strong_flat	10000	47	469989141818014514	1066747668	108142154
comp_strong_flat	10000	48	8190009833244875308	643960595	306681553
comp_strong_flat	10000	49	7214498244060242439	447236478	1516828590
comp_strong_flat	10000	50	14024850898092443577	927425172	1485026943
comp_strong_flat	10000	51	14739350380197863843	1070361219	1498250326
comp_strong_flat	10000	52	13666799560005049796	530402336	1602728967
comp_strong_flat	10000	53	4325703253514066361	1018423008	211427175
comp_strong_flat	10000	54	260879316223044648	1783383232	928699751
comp_strong_flat	10000	55	8010476496165311595	1003019146	1575476701
comp_strong_flat	10000	56	3278364789480994037	1462352045	1781052414
comp_strong_flat	10000	57	357299612478929115	1242071034	1068285662
comp_strong_flat	10000	58	3528907612011499827	975063014	763292609
comp_strong_flat	10000	59	12260552029430155374	1953321631	932316227
comp_strong_flat	10000	60	11035254342121654071	1635291801	1802226033
comp_strong_flat	10000	61	286148715872398888	1462112388	1837452456
comp_strong_flat	10000	62	278986577263706658	178917831	1464237710
comp_strong_flat	10000	63	2937576722848134854	702690976	778590730
comp_strong_flat	10000	64	9050664399375737773	2056285771	360563644
comp_strong_flat	10000	65	8031899240239436275	2097168375	913420864
comp_strong_flat	10000	66	11617424161398194039	485948349	684828436
comp_strong_flat	10000	67	9953664898122446161	1405545785	1554516270
comp_strong_flat	10000	68	3442348106373774659	1850089190	503508626
comp_strong_flat	10000	69	15420367913686279198	728784363	1077317786
comp_strong_flat	10000	70	2714067625222713346	676086197	213936134
comp_strong_flat	10000	71	16206087363383152865	731489883	599471543
comp_strong_flat	10000	72	10638980659032889656	135218935	2011650861
comp_strong_flat	10000	73	11494305418258050876	920562064	312670151
comp_strong_flat	10000	74	5309174146812521132	720733082	280178906
comp_strong_flat	10000	75	8109032387419752788	447389946	615566018
comp_strong_flat	10000	76	13273537437698316381	1242615574	259028848
comp_strong_flat	10000	77	16462597142173636872	60047048	1588368577
comp_strong_flat	10000	78	18224766308898275829	133226114	1753799487
comp_strong_flat	10000	79	3907715213393785266	40970273	1924790830
comp_strong_flat	10000	80	7683367603854042499	652812704	1927893662
comp_strong_flat	10000	81	3824176428115955723	1782408322	276471305
comp_strong_flat	10000	82	17805147207354708362	1990222397	668337237
comp_strong_flat	10000	83	5429225645352355148	1351478153	1324418374
comp_strong_flat	10000	84	12120281518235136647	1019256769	1210908315
comp_strong_flat	10000	85	17707624669088298082	429214306	260178623
comp_strong_flat	10000	86	12790921558829742837	386784824	448543321
comp_strong_flat	10000	87	5343764750660487832	778181621	1926334257
comp_strong_flat	10000	88	16958589572929132709	1122181035	1875487890
comp_strong_flat	10000	89	16078628919499126435	1567812072	1284490656
comp_strong_flat	10000	90	14611665833674668992	1131371302	1615737940
comp_strong_flat	10000	91	2399709086522291424	1981864896	748728932
comp_strong_flat	10000	92	6143608182093795766	1877374063	337257992
comp_strong_flat	10000	93	16008836035105417553	1824906020	927530677
comp_strong_flat	10000	94	9265484917632702171	1185833919	908280139
comp_strong_flat	10000	95	14773825912421860599	1990357913	13194428
comp_strong_flat	10000	96	10234225529766866676	1003431142	85359502
comp_strong_flat	10000	97	9627893119296347300	307841005	1129044009
comp_strong_flat	10000	98	4892472052762166690	2141980687	1223144675
comp_strong_flat	10000	99	3052422653093743207	1191754006	888460464
