# U-M7-02 Seeds manifest | master_seed=20260928 | data stream = g0/v1 (bit-identical to G0); tool stream namespace = m7-tool|<competitor>|<arm>|N<n>|r<k>
# note: profile=degraded adapter=docker provider=synthetic competitors=sigminer,sigprofiler commit=7de5b8cf7492fb818c527672ae9fc6ef4bb6f3ca
arm	N	rep	data_seed	seed_sigminer	seed_sigprofiler
comp_clock_only	100	0	13752509224184873574	436326798	1063004897
comp_clock_only	100	1	144152227337303895	114250058	825649604
comp_clock_only	100	2	1884809551482636963	1065208511	46413077
comp_clock_only	100	3	2009187976191241365	1517958372	1999153371
comp_clock_only	100	4	1800395323768856795	970836178	1846143823
comp_clock_only	100	5	1700853367641728127	2026059563	524171812
comp_clock_only	100	6	7023128489203816524	818647093	1967664746
comp_clock_only	100	7	15901686282676147241	1698535228	1996198976
comp_clock_only	100	8	14043988541331454476	853704367	1540982703
comp_clock_only	100	9	9734985428972476656	315002896	1082442668
comp_clock_only	100	10	16264771025705354105	434005133	512381006
comp_clock_only	100	11	6173273560929568461	95501229	1792244031
comp_clock_only	100	12	11134445265976383617	831250367	1076891435
comp_clock_only	100	13	1882370867671715602	1624641128	178274889
comp_clock_only	100	14	16381402864443465942	1050812377	907905243
comp_clock_only	100	15	13609837860937815044	1348934456	737174407
comp_clock_only	100	16	16388687351814491245	1022506656	286529255
comp_clock_only	100	17	11329505197524049630	790324732	362681355
comp_clock_only	100	18	7265277313431739263	1384041829	1206105903
comp_clock_only	100	19	6310962562933755931	20319755	2093551070
comp_clock_only	100	20	10977660656390217869	1315248436	538505058
comp_clock_only	100	21	10098082131012223034	2093376026	856982421
comp_clock_only	100	22	3723743219512230971	1216234717	1316985456
comp_clock_only	100	23	284691259525061272	1527428486	1444035355
comp_clock_only	100	24	15097567479852382618	1500826891	689396595
comp_clock_only	100	25	4535776110331666957	1091921067	1986644200
comp_clock_only	100	26	6311532609655369904	1465518730	412899869
comp_clock_only	100	27	9832617153250304948	1602415214	1019005833
comp_clock_only	100	28	15607310166250252240	483544477	392957740
comp_clock_only	100	29	8802530344612107130	267005361	1848725931
comp_clock_only	100	30	15628209384736818680	666927521	493637747
comp_clock_only	100	31	11751727460110263108	1796606838	1691286404
comp_clock_only	100	32	9770270585988236986	605580355	2116003490
comp_clock_only	100	33	9935323519924448580	154364045	1226502932
comp_clock_only	100	34	10030795141973589832	1654911446	892499563
comp_clock_only	100	35	12105777781814867149	1933431490	1168626971
comp_clock_only	100	36	10407368816392822425	1075905602	1805880751
comp_clock_only	100	37	9168924962684449897	357916702	296445774
comp_clock_only	100	38	15405508618676810820	629376515	172174599
comp_clock_only	100	39	16183628341228234745	286964378	1735378419
comp_clock_only	100	40	7357272122216185063	1489962990	1950099125
comp_clock_only	100	41	9195709152841570281	634354315	1783422984
comp_clock_only	100	42	8008445915114446912	443709237	1025273611
comp_clock_only	100	43	8755729380196247180	1581258493	242836088
comp_clock_only	100	44	9133940857394085804	89378165	1908795540
comp_clock_only	100	45	17381923288258536349	252471960	1993793342
comp_clock_only	100	46	17514051079800608913	1162703078	910949928
comp_clock_only	100	47	9738724344756765854	1368736506	1126945959
comp_clock_only	100	48	14834972784085597192	582573811	966002642
comp_clock_only	100	49	3973662720463842615	1141162689	1261952204
comp_clock_only	100	50	16030214120556653532	1124193810	1567870056
comp_clock_only	100	51	15981731933874620468	1686433832	453489058
comp_clock_only	100	52	1869371585402658198	1651764959	541934150
comp_clock_only	100	53	16452360634834337979	1604488401	1650385970
comp_clock_only	100	54	8599995938078332332	2020450944	313845216
comp_clock_only	100	55	4502908590304178484	622644464	488089822
comp_clock_only	100	56	10389147912799683102	206838220	1803671971
comp_clock_only	100	57	17223956605968765357	1547684782	1142903269
comp_clock_only	100	58	12637887785879998733	691926654	360548380
comp_clock_only	100	59	12688961268560677024	801426433	657451977
comp_clock_only	100	60	16352093376695167499	822156247	2003458902
comp_clock_only	100	61	12377579612932054096	1103766815	866690148
comp_clock_only	100	62	11244804158030345756	2029962442	2093317102
comp_clock_only	100	63	10137995474412467881	291029175	802619486
comp_clock_only	100	64	6664388159835616136	835036479	1238292325
comp_clock_only	100	65	11987380564301992862	1042879055	254571307
comp_clock_only	100	66	13042708114667194899	109185864	191014304
comp_clock_only	100	67	15654945495126590761	358271871	2030745864
comp_clock_only	100	68	11378949713861312112	266474858	1647417793
comp_clock_only	100	69	210626117254363263	75996045	480612677
comp_clock_only	100	70	8119596273521070073	1585646460	650084358
comp_clock_only	100	71	431487634880279609	1647365012	786837147
comp_clock_only	100	72	4445362693696293759	140705301	2136409001
comp_clock_only	100	73	12681492548022947862	905061039	881313498
comp_clock_only	100	74	8995538361892990970	298543511	764935854
comp_clock_only	100	75	8010678997667021105	1878221623	1817058278
comp_clock_only	100	76	4166839585125347968	1273103336	1528494016
comp_clock_only	100	77	11853495180191193753	841925561	1781058978
comp_clock_only	100	78	14640205273978773572	2121032208	264366591
comp_clock_only	100	79	2724436279126384561	1498407526	1878792142
comp_clock_only	100	80	9655389629233239556	500494653	630084333
comp_clock_only	100	81	4790113068995086008	1747181219	1260314978
comp_clock_only	100	82	6276125966794496800	1057126177	263352655
comp_clock_only	100	83	15111845472002567098	852677395	647304419
comp_clock_only	100	84	11613816631261277583	1740886923	1702622122
comp_clock_only	100	85	1675167478303184482	1893916357	474191676
comp_clock_only	100	86	5893553953999512411	2040436406	1855601260
comp_clock_only	100	87	6801983958268146181	1318808172	1959860514
comp_clock_only	100	88	17977249474487108838	1159162398	528751709
comp_clock_only	100	89	5007539225549380882	636358622	12461593
comp_clock_only	100	90	14457098191545935985	1451974670	877745627
comp_clock_only	100	91	13215829718732576595	958009116	451306858
comp_clock_only	100	92	15067157859976489495	1683194837	1989093161
comp_clock_only	100	93	12977047175076136405	223712289	57933851
comp_clock_only	100	94	2484933494413455608	1151394116	2015545091
comp_clock_only	100	95	4729086701521205216	430640	1123250196
comp_clock_only	100	96	5593667440250696533	2141061631	287658740
comp_clock_only	100	97	10187807301843422109	379055358	1907293255
comp_clock_only	100	98	8938263877151172234	1388703941	115142236
comp_clock_only	100	99	9145005657095006487	1937151030	338929222
comp_clock_only	1000	0	8385406756201664004	1592250921	1853688694
comp_clock_only	1000	1	10189202972775582678	2126294318	811762703
comp_clock_only	1000	2	1759192628674749519	946966047	344640555
comp_clock_only	1000	3	15062046015677545557	463406829	5479690
comp_clock_only	1000	4	18272920716079824211	80442947	1029352710
comp_clock_only	1000	5	5287820894505394793	164501415	1477086574
comp_clock_only	1000	6	15413896415839438568	1641343682	666557840
comp_clock_only	1000	7	16288761837997324619	1734313777	1913319468
comp_clock_only	1000	8	17439290865234919438	1925288726	297774327
comp_clock_only	1000	9	12578893093663109300	276745996	31965142
comp_clock_only	1000	10	10848685784214872040	1015643875	789313762
comp_clock_only	1000	11	9184040396261545558	93901543	1019033024
comp_clock_only	1000	12	5069565213902003457	1707953084	1582099828
comp_clock_only	1000	13	8295426012784961577	1841993072	1930363772
comp_clock_only	1000	14	7279664963806559827	1479601467	144593532
comp_clock_only	1000	15	14734218232951804772	180635464	728362778
comp_clock_only	1000	16	14184334391976108	1681642822	2010145785
comp_clock_only	1000	17	9992522296861438526	558421220	2099210819
comp_clock_only	1000	18	6399990861022042637	1294269322	1277490062
comp_clock_only	1000	19	6536317952096641590	2047505578	911499175
comp_clock_only	1000	20	14333269242741185060	601944455	437445435
comp_clock_only	1000	21	5746479045741276688	2093346941	470421775
comp_clock_only	1000	22	4642001188192491105	121694002	329318256
comp_clock_only	1000	23	6601208552036520331	626415072	904040282
comp_clock_only	1000	24	8073381516160482919	1699553959	2074131883
comp_clock_only	1000	25	3359720396380717911	1137725146	1030085103
comp_clock_only	1000	26	17784774565716409926	911391437	305029124
comp_clock_only	1000	27	13151131954463069511	1285292615	625357146
comp_clock_only	1000	28	5593584616452231963	101077414	258184635
comp_clock_only	1000	29	5422470591951715462	993158430	1030673675
comp_clock_only	1000	30	6658696767357005504	345399229	948058359
comp_clock_only	1000	31	12011823744806836675	1445137916	876787338
comp_clock_only	1000	32	4523078159117186064	9409793	569278318
comp_clock_only	1000	33	16835726229607431080	1481044110	1643434573
comp_clock_only	1000	34	14785419701537071556	1353204248	1964735097
comp_clock_only	1000	35	4474301591328092982	926368224	1591553326
comp_clock_only	1000	36	8462761824726839219	650975927	1679481768
comp_clock_only	1000	37	4226582127103044707	1156100412	752577768
comp_clock_only	1000	38	4684436924076580943	988315079	1223251933
comp_clock_only	1000	39	5432091366722263709	207079307	1531059507
comp_clock_only	1000	40	15250898925534333926	1836026781	815481207
comp_clock_only	1000	41	5189586547159785216	1496529011	419012810
comp_clock_only	1000	42	11449565224022472609	1176380183	1085453854
comp_clock_only	1000	43	7011962321069714568	1502814926	273255073
comp_clock_only	1000	44	8983933419025011723	732272784	1587929137
comp_clock_only	1000	45	2942654408361485796	1060374036	345556106
comp_clock_only	1000	46	7913782961368515977	1886137006	807563182
comp_clock_only	1000	47	13023426788002131879	1753959027	1800757061
comp_clock_only	1000	48	1481656886555943878	441028690	1111362142
comp_clock_only	1000	49	14189482859990448976	1583315155	628657373
comp_clock_only	1000	50	16207574977398254871	581505169	368763311
comp_clock_only	1000	51	17862778900600383924	1358819274	218389438
comp_clock_only	1000	52	17534271402653873090	2146784306	1748480514
comp_clock_only	1000	53	1999781448333082951	1108998766	1338806706
comp_clock_only	1000	54	15528798274317736324	984697884	1255289603
comp_clock_only	1000	55	3962646915573531309	623887715	808246500
comp_clock_only	1000	56	3416770921587032059	1517624645	1013778343
comp_clock_only	1000	57	14470963237787775826	1441895055	1558392377
comp_clock_only	1000	58	13332522638913703979	1428241085	1715581516
comp_clock_only	1000	59	8519581202999540268	584495683	888079829
comp_clock_only	1000	60	13579297719636920644	1272643656	1281593355
comp_clock_only	1000	61	12082604806768909594	1156152241	455911603
comp_clock_only	1000	62	13390597821378246928	92216675	1571068354
comp_clock_only	1000	63	14523961376130932563	2087409695	693062802
comp_clock_only	1000	64	5329865734006460861	683708436	1560485245
comp_clock_only	1000	65	6388218609301997046	1172438245	599191222
comp_clock_only	1000	66	12795429058633945603	1932423581	1164155954
comp_clock_only	1000	67	840142179393019481	900540140	586599401
comp_clock_only	1000	68	10865103140904015931	1340155217	1935795287
comp_clock_only	1000	69	10866951964978649206	403586547	1342814362
comp_clock_only	1000	70	5203231673887841892	315403450	1876521087
comp_clock_only	1000	71	16543095793359441659	484327061	1666824150
comp_clock_only	1000	72	8843828576395378022	1918035732	2101252373
comp_clock_only	1000	73	5206647402709635397	950362283	368937483
comp_clock_only	1000	74	18002136974037515559	400485157	368503791
comp_clock_only	1000	75	10143716880346142844	75277929	828836093
comp_clock_only	1000	76	17165496379948147652	1235104499	1209431644
comp_clock_only	1000	77	3222845945562788519	1542697567	1295628151
comp_clock_only	1000	78	615217023445928888	789022050	1754110954
comp_clock_only	1000	79	6618447553932680178	2106414467	1981707111
comp_clock_only	1000	80	7704942802067971435	272375217	261845662
comp_clock_only	1000	81	12145155233954634873	1639723802	1851547895
comp_clock_only	1000	82	1779907860358693741	1841024415	2082219710
comp_clock_only	1000	83	1686992931631237616	1479187398	1066740173
comp_clock_only	1000	84	3910693609811635457	1986685295	822015851
comp_clock_only	1000	85	1387511499932176265	1441380135	263181662
comp_clock_only	1000	86	12219433895398247354	1893780642	1058219267
comp_clock_only	1000	87	16007965764964188707	72030699	249478538
comp_clock_only	1000	88	13911342455523214011	1796232636	1764815794
comp_clock_only	1000	89	18188016872038917968	1617455618	1680358991
comp_clock_only	1000	90	15017800428106492358	1053483155	599119124
comp_clock_only	1000	91	17163251351653393044	1777106431	151655743
comp_clock_only	1000	92	5024257091452848661	1159629286	895161135
comp_clock_only	1000	93	4913720727894412475	2117373675	1966441313
comp_clock_only	1000	94	4956196716724727953	911639404	424765238
comp_clock_only	1000	95	408806621098189982	343576069	980010620
comp_clock_only	1000	96	13211471719314592391	1576235550	926787759
comp_clock_only	1000	97	1105678900757859696	1856829041	2045637067
comp_clock_only	1000	98	16298167804889537332	197099799	1777767500
comp_clock_only	1000	99	18033273531378282587	1996515726	156297235
comp_clock_only	10000	0	8204602582977609699	1076383976	481382484
comp_clock_only	10000	1	13798645212177250984	2059177117	1725062374
comp_clock_only	10000	2	10113592497444450803	1875274573	2145534011
comp_clock_only	10000	3	7522502929503367178	1907277437	616125521
comp_clock_only	10000	4	8668275271769733767	345895343	289122239
comp_clock_only	10000	5	16081523721431138013	1293769165	341714751
comp_clock_only	10000	6	2697233758063129359	171087471	437650901
comp_clock_only	10000	7	18257600725360761507	1046779946	547173192
comp_clock_only	10000	8	1391884772027806	2035561947	2000503296
comp_clock_only	10000	9	6469170463447098820	656511981	886201509
comp_clock_only	10000	10	7900092221520237988	2123051872	191469796
comp_clock_only	10000	11	4029495536081694076	1070492927	1757356133
comp_clock_only	10000	12	13273772342813082591	258945923	1416719542
comp_clock_only	10000	13	8160901718578971473	998713807	2029518723
comp_clock_only	10000	14	4045865359732250473	192855071	1032349460
comp_clock_only	10000	15	12258917806021853342	1921869908	1450356382
comp_clock_only	10000	16	6160812815689873348	1140873625	995841321
comp_clock_only	10000	17	4893297605031201882	625774450	1749464133
comp_clock_only	10000	18	11957535046457373075	2018017837	155416439
comp_clock_only	10000	19	15151038596110412435	1858265172	359518422
comp_clock_only	10000	20	2170808215828864638	1753545158	165594441
comp_clock_only	10000	21	4099130789274746208	435922165	1009834792
comp_clock_only	10000	22	16460595040249588323	1616639932	1088100898
comp_clock_only	10000	23	14474927875948751025	351028994	1779715011
comp_clock_only	10000	24	8176394096356468093	274993018	444479758
comp_clock_only	10000	25	13273592790036887473	841994062	1723363032
comp_clock_only	10000	26	3921476437350106675	778757985	1967180837
comp_clock_only	10000	27	9570923332968043933	766167083	1458815597
comp_clock_only	10000	28	3769986775958778208	1591898436	918506247
comp_clock_only	10000	29	6803848624515133502	716213862	585612639
comp_clock_only	10000	30	6090586548668161527	1389701956	1708559864
comp_clock_only	10000	31	16757426641255597199	2124788634	106967583
comp_clock_only	10000	32	3535269206515290558	2111867046	1646788208
comp_clock_only	10000	33	10353982043413671355	162491742	449705890
comp_clock_only	10000	34	3320403644705876824	1879763149	1375297662
comp_clock_only	10000	35	18038364625492961952	1644076151	1589984460
comp_clock_only	10000	36	15231973252417000578	156171377	1305028024
comp_clock_only	10000	37	15923493189800379474	1075338730	456259939
comp_clock_only	10000	38	13485465250874620936	1623087621	596894334
comp_clock_only	10000	39	14015372794913392060	193020571	536428680
comp_clock_only	10000	40	6213755002057281930	1115502237	1290934837
comp_clock_only	10000	41	11889736288290838738	1380135986	357046483
comp_clock_only	10000	42	1262384646308211521	587894543	1269002424
comp_clock_only	10000	43	12451246576451371752	1699682999	1587932990
comp_clock_only	10000	44	5213797617654507833	1697516685	1112399544
comp_clock_only	10000	45	1377779603232374432	1572925121	760856146
comp_clock_only	10000	46	10997152645217130346	324054379	647044751
comp_clock_only	10000	47	15180524534782762418	827648972	1426369993
comp_clock_only	10000	48	13805416410990828123	700746458	819842541
comp_clock_only	10000	49	5182646200693008672	1182128755	2003146044
comp_clock_only	10000	50	8629337469522284110	1172527611	1680499585
comp_clock_only	10000	51	2298662465441584513	1360711216	117321593
comp_clock_only	10000	52	10071039914355419127	723620948	1806416535
comp_clock_only	10000	53	9329817312960554374	913548431	1912977004
comp_clock_only	10000	54	13823897177338140690	1051066773	1826252294
comp_clock_only	10000	55	9404836097153943278	376211606	1790074080
comp_clock_only	10000	56	8869911841263001473	735973916	1282096278
comp_clock_only	10000	57	706533137000724799	1583166122	1147801766
comp_clock_only	10000	58	4155075127336955686	1939320254	626353616
comp_clock_only	10000	59	9724791904475652285	1201846568	450556462
comp_clock_only	10000	60	16231845378799578169	1733890064	1923159171
comp_clock_only	10000	61	8627565537664957021	1398491549	38478290
comp_clock_only	10000	62	2007587786752140458	541889544	1722474433
comp_clock_only	10000	63	1598893338831265004	1012868724	1414588079
comp_clock_only	10000	64	11932783854764293419	1992767346	2001322390
comp_clock_only	10000	65	6382273737517081792	1067684587	373863381
comp_clock_only	10000	66	15166449221156503967	168486924	954138024
comp_clock_only	10000	67	5404484725940012418	245000281	1598006811
comp_clock_only	10000	68	9606744051465727552	1366117089	2019949365
comp_clock_only	10000	69	15417526188585946236	587642193	1353034798
comp_clock_only	10000	70	8793990796967053352	402449875	1377661246
comp_clock_only	10000	71	3857682276338651136	1275020301	1447275564
comp_clock_only	10000	72	7315744332614029690	642509167	1415484084
comp_clock_only	10000	73	5054315948223109453	1896835219	675152566
comp_clock_only	10000	74	15721439735070793631	1211998811	1555175369
comp_clock_only	10000	75	18244445125063520758	122489175	656681146
comp_clock_only	10000	76	15797848315147938413	645952168	491211352
comp_clock_only	10000	77	12176521370017912532	1066695753	1715321668
comp_clock_only	10000	78	8374769318386596401	1037092843	1732738029
comp_clock_only	10000	79	6017363596273624937	164830138	173937488
comp_clock_only	10000	80	8518627432358827663	740199434	1188629730
comp_clock_only	10000	81	8562793945388220400	398440248	1930452184
comp_clock_only	10000	82	3299066813077533900	854275432	243257115
comp_clock_only	10000	83	1958738009632376415	1636526713	393593378
comp_clock_only	10000	84	4351388597327103906	319035126	791669221
comp_clock_only	10000	85	5302315033775829379	425638809	1110745308
comp_clock_only	10000	86	9446120652930859703	616223618	111575656
comp_clock_only	10000	87	9031924863252811346	617659717	1647612031
comp_clock_only	10000	88	3896609429169536576	158016382	612411223
comp_clock_only	10000	89	15421343261483911188	885566046	685921072
comp_clock_only	10000	90	198792107811113039	1012061844	102112373
comp_clock_only	10000	91	9902834869649671247	901285092	2000610636
comp_clock_only	10000	92	11472571444537527857	1678946060	65305401
comp_clock_only	10000	93	14284140490614584130	350223682	790288147
comp_clock_only	10000	94	11830557809573282350	2036067168	421127609
comp_clock_only	10000	95	13267145777794088406	882983773	80890361
comp_clock_only	10000	96	1065538605685021351	418245066	1215796523
comp_clock_only	10000	97	3946387287870899254	1732741698	1468006245
comp_clock_only	10000	98	10571537512842717710	1839705008	1401817079
comp_clock_only	10000	99	5571844638427700655	903739021	1730450369
