# U-M7-02 Seeds manifest | master_seed=20260928 | data stream = g0/v1 (bit-identical to G0); tool stream namespace = m7-tool|<competitor>|<arm>|N<n>|r<k>
# note: profile=degraded adapter=docker provider=synthetic competitors=sigminer,sigprofiler commit=7de5b8cf7492fb818c527672ae9fc6ef4bb6f3ca
arm	N	rep	data_seed	seed_sigminer	seed_sigprofiler
comp_flat_triple	100	0	6765836649141750406	619081273	1402224526
comp_flat_triple	100	1	14650529294815515873	2089075095	1123714504
comp_flat_triple	100	2	11098824768351465818	477237525	177040031
comp_flat_triple	100	3	16617326368631990652	238112963	1549237820
comp_flat_triple	100	4	4296498375685997492	199118019	2058220971
comp_flat_triple	100	5	5483858956346829826	1008414732	1299447035
comp_flat_triple	100	6	11478610053922390441	1397024030	1090601741
comp_flat_triple	100	7	2189408285273920216	2030001540	1157710568
comp_flat_triple	100	8	13951792195544965998	1392805132	242556876
comp_flat_triple	100	9	13539079984567183576	996729219	1970252343
comp_flat_triple	100	10	2636540434907724824	908883696	290703151
comp_flat_triple	100	11	8562701343595858646	385222416	1404327021
comp_flat_triple	100	12	9868647823539540493	1473811444	2110266915
comp_flat_triple	100	13	4713920722025333705	224166847	797803073
comp_flat_triple	100	14	18368712703571954577	499430156	404768218
comp_flat_triple	100	15	15965319901801149956	1983305558	776437797
comp_flat_triple	100	16	3922344031907877062	724017564	2050734808
comp_flat_triple	100	17	16905021632117858808	465254454	1676118124
comp_flat_triple	100	18	5124678113585058477	1953532632	1993344865
comp_flat_triple	100	19	6956303595247169440	21497591	2020900189
comp_flat_triple	100	20	3689751492251885524	464298400	1236820784
comp_flat_triple	100	21	4711010568414335022	330384729	1500229008
comp_flat_triple	100	22	11245438379868265220	683133986	1431883616
comp_flat_triple	100	23	9935569987250552609	1361795642	643112567
comp_flat_triple	100	24	12583531832038690979	1212745359	13637841
comp_flat_triple	100	25	11746472095260551981	373119396	1419968595
comp_flat_triple	100	26	4571952314303654037	466229513	619830218
comp_flat_triple	100	27	7721662892851607483	1323997647	1543524754
comp_flat_triple	100	28	17922618593396487580	1022994542	1371109343
comp_flat_triple	100	29	405598880484261145	1438292149	516297632
comp_flat_triple	100	30	3050580682100031127	1902999029	355626983
comp_flat_triple	100	31	16488570015077054940	1340753238	976975092
comp_flat_triple	100	32	2647095239654647717	42170146	629057397
comp_flat_triple	100	33	1303721273147706241	925556745	279489627
comp_flat_triple	100	34	14285092925925386171	1667820407	1465039880
comp_flat_triple	100	35	6275954363533911551	829606588	923543405
comp_flat_triple	100	36	9331791652422432881	810832331	269295746
comp_flat_triple	100	37	10309902783813875161	215402022	2068928518
comp_flat_triple	100	38	13481423913662082789	1837467356	1150283324
comp_flat_triple	100	39	10442380352017442439	1963738985	1782868463
comp_flat_triple	100	40	2328647695559880665	1727972131	771081002
comp_flat_triple	100	41	15907525219870844400	2048984347	826271445
comp_flat_triple	100	42	11939776166772466847	812175514	197472878
comp_flat_triple	100	43	8224504023929080982	74218325	81653760
comp_flat_triple	100	44	8965029962654767260	1103982348	1236228509
comp_flat_triple	100	45	8725943551501658978	979274224	1875437227
comp_flat_triple	100	46	15007065199040116853	1445542813	169487183
comp_flat_triple	100	47	13632215271734699075	211076907	294989290
comp_flat_triple	100	48	15018724656037317639	1749753295	822975015
comp_flat_triple	100	49	1694145995541609054	1877492304	1326792318
comp_flat_triple	100	50	13740578512772874213	726390170	1900963084
comp_flat_triple	100	51	14340452364194488346	1913535583	1910841249
comp_flat_triple	100	52	15314295174630326798	1373077304	633167131
comp_flat_triple	100	53	16021011539790241347	2021124652	1464577269
comp_flat_triple	100	54	611991338704866088	2034561450	1721980358
comp_flat_triple	100	55	7384656597127966044	1957100044	326371324
comp_flat_triple	100	56	9970164183794321504	1772959398	1306740326
comp_flat_triple	100	57	13488112758374062333	447984044	234433989
comp_flat_triple	100	58	15732722667111039188	1178094699	1332546803
comp_flat_triple	100	59	16275942187557041727	141810902	110642379
comp_flat_triple	100	60	7704243104058039793	1185823692	1205574233
comp_flat_triple	100	61	10632757785172784241	1622159444	1543805300
comp_flat_triple	100	62	12669767859123889168	1918409911	1126994883
comp_flat_triple	100	63	14625041388345447700	777581106	383151244
comp_flat_triple	100	64	10469578989370763830	623395525	1810539289
comp_flat_triple	100	65	6088937988746423597	541952006	1557341271
comp_flat_triple	100	66	13408118821318482512	937928178	2119380754
comp_flat_triple	100	67	12528035642068766609	705866753	316465061
comp_flat_triple	100	68	5679901357770269759	929966879	483009606
comp_flat_triple	100	69	9244032436090903333	1478940071	590106611
comp_flat_triple	100	70	9566580264954255926	622612689	321105230
comp_flat_triple	100	71	16907703228534052933	1735666159	1946298634
comp_flat_triple	100	72	3939182702639932972	402612605	1287106911
comp_flat_triple	100	73	5688542100698122972	834047228	1435064651
comp_flat_triple	100	74	124041076726229390	412824010	361495570
comp_flat_triple	100	75	5113596615217401763	1392206471	1423125122
comp_flat_triple	100	76	12666116304030633668	1896629922	49388982
comp_flat_triple	100	77	2207339522493747017	1377771070	461108000
comp_flat_triple	100	78	4938004030493608600	143246266	884829461
comp_flat_triple	100	79	3623959441320966109	1897557238	679304860
comp_flat_triple	100	80	16883536481911597292	742330792	869585386
comp_flat_triple	100	81	17784970112259136820	1622785133	452997937
comp_flat_triple	100	82	16752693691941777628	1441433013	1386785102
comp_flat_triple	100	83	7249609762486478320	111373443	1420716906
comp_flat_triple	100	84	9357694602289665604	1840519919	1772702936
comp_flat_triple	100	85	7511845929489954107	1177324733	1903064678
comp_flat_triple	100	86	2038738925552277373	1034435287	671804210
comp_flat_triple	100	87	14720357498179156738	1589875840	1174718940
comp_flat_triple	100	88	5656054033901881076	1108195759	1841373325
comp_flat_triple	100	89	13458325358519719896	893935780	309259356
comp_flat_triple	100	90	8853082349835899596	960567162	591703585
comp_flat_triple	100	91	9576815702587449929	433769578	1258356751
comp_flat_triple	100	92	12685859572657715456	2133783286	464085127
comp_flat_triple	100	93	17045276228211475965	68724952	736677902
comp_flat_triple	100	94	938589000980815989	1916281655	1829362597
comp_flat_triple	100	95	18314643521108308363	1845510030	61423689
comp_flat_triple	100	96	5514020900544039400	1738051200	53415702
comp_flat_triple	100	97	13652776712785083709	1381675886	1803553012
comp_flat_triple	100	98	13567506044298816920	1702511190	594014310
comp_flat_triple	100	99	2011710245551968065	984339827	601678276
comp_flat_triple	1000	0	9117833714671991181	1789235530	629549592
comp_flat_triple	1000	1	11758047946248166133	703175547	532750897
comp_flat_triple	1000	2	6831037182424667229	1101043649	1517614666
comp_flat_triple	1000	3	18384770341590694750	2016048671	475229662
comp_flat_triple	1000	4	18136537304925172422	317558935	853817821
comp_flat_triple	1000	5	11003392740436543024	260341299	1883163094
comp_flat_triple	1000	6	7661264604574332778	1660003031	487937776
comp_flat_triple	1000	7	4869505284991554015	1045873169	433755627
comp_flat_triple	1000	8	2196472993760225191	2058168319	945900873
comp_flat_triple	1000	9	17092044583558752036	968452531	1405854687
comp_flat_triple	1000	10	16694650724827127090	94505617	1545957325
comp_flat_triple	1000	11	14592108020213203100	1634785362	558555433
comp_flat_triple	1000	12	7878382588537522102	516523229	894155577
comp_flat_triple	1000	13	15975440107277170770	198326067	1529079734
comp_flat_triple	1000	14	13611210778358435538	2017211797	220227654
comp_flat_triple	1000	15	16418961942206109196	303299571	389015957
comp_flat_triple	1000	16	10810812504564150773	289045503	377310745
comp_flat_triple	1000	17	2979539849257712008	657586446	1697063896
comp_flat_triple	1000	18	8305124469574114665	709912830	957467747
comp_flat_triple	1000	19	17946461586267186339	1480724967	817435857
comp_flat_triple	1000	20	14967296637979900198	648873571	2007046892
comp_flat_triple	1000	21	7558379725975236991	1896367650	873691701
comp_flat_triple	1000	22	13545208840878862103	871609495	932979293
comp_flat_triple	1000	23	13895744664703502077	1612921759	1674469534
comp_flat_triple	1000	24	17855634636033382651	835410080	1253411782
comp_flat_triple	1000	25	6352360103812154599	313416689	1905189206
comp_flat_triple	1000	26	12865687080322524805	2128967627	205265174
comp_flat_triple	1000	27	9504951656707016818	540664198	70190563
comp_flat_triple	1000	28	14695799559820497865	1298343332	1398519834
comp_flat_triple	1000	29	3147248675090252678	97455372	1706565850
comp_flat_triple	1000	30	2959298881664943907	1841021644	552104863
comp_flat_triple	1000	31	16797541477002609763	922124339	471342723
comp_flat_triple	1000	32	17514234085943297462	1675775172	1300763725
comp_flat_triple	1000	33	12474277705433187130	1135261469	3881588
comp_flat_triple	1000	34	3062330782631182900	773322224	786836670
comp_flat_triple	1000	35	9948832338100464190	607758860	148923984
comp_flat_triple	1000	36	4255203541840138149	2055516181	1568262784
comp_flat_triple	1000	37	1504117582971498453	962800401	67617266
comp_flat_triple	1000	38	8373146057137961924	1843137046	1521681233
comp_flat_triple	1000	39	17648618370496403582	533403550	1224096750
comp_flat_triple	1000	40	16757864686491867772	532941628	1781472340
comp_flat_triple	1000	41	3804084947604798265	432808131	486251000
comp_flat_triple	1000	42	10613671981380247402	1756828595	346240930
comp_flat_triple	1000	43	6640380530874650432	780173817	433413347
comp_flat_triple	1000	44	9106973123880174520	756553659	941038115
comp_flat_triple	1000	45	9346306319068663407	165807002	665050862
comp_flat_triple	1000	46	11308075250274930866	588598971	166880277
comp_flat_triple	1000	47	1969855171725939083	2048364997	809793259
comp_flat_triple	1000	48	10607313804226070963	367781103	1548461077
comp_flat_triple	1000	49	7033872935955917868	1170339575	2011114868
comp_flat_triple	1000	50	3400936625759069653	1829203562	1957058142
comp_flat_triple	1000	51	6959813478999654029	508595772	568544885
comp_flat_triple	1000	52	76101789238922988	1660502562	1578429642
comp_flat_triple	1000	53	16047303246588943483	1449225034	1681479501
comp_flat_triple	1000	54	13502361944366441794	1751716088	651282785
comp_flat_triple	1000	55	15450071821712420749	614098318	1563439482
comp_flat_triple	1000	56	14023034090087866217	365269733	185636341
comp_flat_triple	1000	57	13114501908206311196	2001354779	1494464464
comp_flat_triple	1000	58	14803765665020248834	1071308166	603955244
comp_flat_triple	1000	59	16851346306249391247	1831046417	1058010292
comp_flat_triple	1000	60	412208719422627622	1313933014	644662816
comp_flat_triple	1000	61	7334844471807055717	1475352423	1350575481
comp_flat_triple	1000	62	5660828256391867450	752743945	933547471
comp_flat_triple	1000	63	8904444481191504764	1028778337	439713029
comp_flat_triple	1000	64	3235176216540019089	1780980038	181510922
comp_flat_triple	1000	65	2979423960917825373	439344219	2004821443
comp_flat_triple	1000	66	16609759149473526880	984816764	1646265558
comp_flat_triple	1000	67	17012656604519785982	1520335166	1302084330
comp_flat_triple	1000	68	15632573183120619283	1781662214	1870131141
comp_flat_triple	1000	69	13965254551123450389	175900747	104785256
comp_flat_triple	1000	70	10898055255604199480	1964509459	803822620
comp_flat_triple	1000	71	9771856131822734706	1469711320	118597131
comp_flat_triple	1000	72	2674850951394608879	102252504	572236006
comp_flat_triple	1000	73	9576619392825976022	1267339397	789375258
comp_flat_triple	1000	74	836947248876540191	106363336	1047852148
comp_flat_triple	1000	75	9689914143295747877	1339934683	406530897
comp_flat_triple	1000	76	12936458497280141556	1121029569	132124349
comp_flat_triple	1000	77	4482053592793858069	1245623494	1086224667
comp_flat_triple	1000	78	1827805930249249859	1513031354	1681434541
comp_flat_triple	1000	79	9423627809140401166	1372529216	1429680757
comp_flat_triple	1000	80	5171841625538168000	586932574	926495983
comp_flat_triple	1000	81	6471516873882427772	1196139283	1211428588
comp_flat_triple	1000	82	1267695482571473888	1812090887	2128085303
comp_flat_triple	1000	83	15673122473604860269	1081477700	1000487788
comp_flat_triple	1000	84	10948752522798537069	1610705983	1717001201
comp_flat_triple	1000	85	13647088944198670035	137043826	1144400117
comp_flat_triple	1000	86	12136922178697499441	1336773687	963545416
comp_flat_triple	1000	87	5652802291810891648	1665190425	1398144701
comp_flat_triple	1000	88	1507642185825753865	1519378676	1080047745
comp_flat_triple	1000	89	13312009959894253910	232696933	2131842019
comp_flat_triple	1000	90	4476564773827119797	1905607738	341166369
comp_flat_triple	1000	91	12981621351765921390	1521740615	157469922
comp_flat_triple	1000	92	2507464830866370863	1632891998	737798632
comp_flat_triple	1000	93	15126183710120875937	645419790	1550003480
comp_flat_triple	1000	94	17557697713537257198	1097038948	1589009977
comp_flat_triple	1000	95	2568518394900058278	1099046396	846013634
comp_flat_triple	1000	96	16166427370382583833	771809390	926972999
comp_flat_triple	1000	97	8586595441312292815	990918124	1986362395
comp_flat_triple	1000	98	17471840740971264511	1775139085	2007018062
comp_flat_triple	1000	99	17972527806444113989	817166615	895491177
comp_flat_triple	10000	0	12445136130922847628	785887431	1540160149
comp_flat_triple	10000	1	330302674513074926	493733620	324655931
comp_flat_triple	10000	2	5730050496292989803	489115480	103237538
comp_flat_triple	10000	3	4361061107604197453	346397478	127050569
comp_flat_triple	10000	4	8991970122944176187	925933666	169551976
comp_flat_triple	10000	5	784498810023848630	117957159	134554686
comp_flat_triple	10000	6	9553447386483921862	1381379201	1199615327
comp_flat_triple	10000	7	13357822000358165256	1689135570	2137643206
comp_flat_triple	10000	8	8329737790497264552	546707046	348703377
comp_flat_triple	10000	9	2638616448038482811	952794382	1943456880
comp_flat_triple	10000	10	14771089829702363713	2012099036	726057101
comp_flat_triple	10000	11	11382515790990621166	730211038	591274541
comp_flat_triple	10000	12	16565563012870993803	1077221799	106608646
comp_flat_triple	10000	13	7728028232292253066	1067966525	946837890
comp_flat_triple	10000	14	7536062725318686082	1390648296	1361143940
comp_flat_triple	10000	15	16931392861075449864	1774209099	1756682330
comp_flat_triple	10000	16	4528897144830179521	22289844	2041841878
comp_flat_triple	10000	17	10384945358378416073	1956048587	104087776
comp_flat_triple	10000	18	8586794146403978937	1635596400	326029270
comp_flat_triple	10000	19	3166433638075267678	1139649495	574677571
comp_flat_triple	10000	20	11189750679389408143	920280414	210920528
comp_flat_triple	10000	21	14057917457263439627	6349005	640607971
comp_flat_triple	10000	22	16836016500825136054	330229236	2084716736
comp_flat_triple	10000	23	9088882822249825009	432783582	518445327
comp_flat_triple	10000	24	1000643610661352164	383933932	443965276
comp_flat_triple	10000	25	674443831943529679	863342085	1365446395
comp_flat_triple	10000	26	13242139270955146694	1302207159	675878684
comp_flat_triple	10000	27	1202447451891008208	399980777	652226095
comp_flat_triple	10000	28	18279263638006920062	759473482	1276128403
comp_flat_triple	10000	29	14139917401268793334	1161455985	557461885
comp_flat_triple	10000	30	1647821268785370519	715550698	2036651832
comp_flat_triple	10000	31	9085816299251401694	1057032279	1602947422
comp_flat_triple	10000	32	17380761760005155806	182918525	36956747
comp_flat_triple	10000	33	7902715479510909498	1752527267	100131941
comp_flat_triple	10000	34	2944530934512118254	710164705	614196278
comp_flat_triple	10000	35	10238191321946452259	538889567	211174366
comp_flat_triple	10000	36	5516997429420859778	1188856612	584532892
comp_flat_triple	10000	37	4147439206640895689	1441453791	1157975862
comp_flat_triple	10000	38	12883397432256369513	1640242590	1525677575
comp_flat_triple	10000	39	3075949641001735504	146803487	1620812636
comp_flat_triple	10000	40	16682996978869133247	714573754	684758993
comp_flat_triple	10000	41	10610286575856004929	1917929923	1184786536
comp_flat_triple	10000	42	12933455617348139423	1098858552	108837521
comp_flat_triple	10000	43	13576501210984991843	1771470182	1985357265
comp_flat_triple	10000	44	8843621108633547529	2037877787	1881741954
comp_flat_triple	10000	45	7454489002197837391	599116951	1515698845
comp_flat_triple	10000	46	8017034526204794963	1253243022	119317176
comp_flat_triple	10000	47	7468437146093454747	753521148	177349507
comp_flat_triple	10000	48	7132402450646347539	1747112161	919150382
comp_flat_triple	10000	49	8117572382768593202	1580532993	1844078132
comp_flat_triple	10000	50	1244682900160227582	528747004	1756252202
comp_flat_triple	10000	51	10077150503032491526	30357224	1651768739
comp_flat_triple	10000	52	3152928769429212841	1103834030	1387219988
comp_flat_triple	10000	53	15377402487406995874	25280274	734637671
comp_flat_triple	10000	54	1492654658441521416	1165182911	1903841037
comp_flat_triple	10000	55	13992196270686137444	968515824	672508301
comp_flat_triple	10000	56	1159135680399982639	1362616510	1939425673
comp_flat_triple	10000	57	12770446029996160385	1346389809	1217460676
comp_flat_triple	10000	58	13093578397405008677	1024027255	563299805
comp_flat_triple	10000	59	1362645223279120108	917901536	1888143993
comp_flat_triple	10000	60	2152492934670711262	408950946	696809080
comp_flat_triple	10000	61	17393472522451291150	1467096816	840356793
comp_flat_triple	10000	62	9055917683603313643	174520941	1146282213
comp_flat_triple	10000	63	9172374940405606714	1172292174	74373115
comp_flat_triple	10000	64	1291700519662819118	886694082	1491280949
comp_flat_triple	10000	65	3680000568996930462	128921416	851631637
comp_flat_triple	10000	66	2028204836419124852	1643104933	1949186650
comp_flat_triple	10000	67	10341568032016205433	409330175	1571468671
comp_flat_triple	10000	68	3461132367784876707	1387372172	1554155935
comp_flat_triple	10000	69	5251123417631093696	2012761243	100174044
comp_flat_triple	10000	70	1094071197932808622	1325899765	482944235
comp_flat_triple	10000	71	6218533265745569676	1371975586	832406388
comp_flat_triple	10000	72	9529399115734085170	37519237	1864464153
comp_flat_triple	10000	73	4868738935641502558	885882512	2108043324
comp_flat_triple	10000	74	16042975922916974289	1883877087	837935008
comp_flat_triple	10000	75	792108466259822780	588061358	209373133
comp_flat_triple	10000	76	10836057397648620047	736504566	1653867037
comp_flat_triple	10000	77	16677072857474481915	905425503	1486002996
comp_flat_triple	10000	78	15395246873886312263	720804095	159897408
comp_flat_triple	10000	79	4518689708893145080	38815651	15733194
comp_flat_triple	10000	80	16924475156258576107	1881648578	1737063927
comp_flat_triple	10000	81	15668123310266360478	1258854804	596266784
comp_flat_triple	10000	82	1425145646746374069	1667091421	1625767983
comp_flat_triple	10000	83	14519152216793437054	380511468	2028469150
comp_flat_triple	10000	84	9346831589731457289	1783886909	148602667
comp_flat_triple	10000	85	4114113345508706215	1177681983	1327710882
comp_flat_triple	10000	86	12742209537318467085	1846621030	380481497
comp_flat_triple	10000	87	9195975800308995939	413567808	1716983979
comp_flat_triple	10000	88	9950158272632399533	283993936	1799847519
comp_flat_triple	10000	89	17522844410532038612	1254012617	35866171
comp_flat_triple	10000	90	794550156932719473	241402263	866220297
comp_flat_triple	10000	91	18235264584586876246	1957715294	1786245179
comp_flat_triple	10000	92	16819185570246996164	103530825	776563932
comp_flat_triple	10000	93	12525906543436403441	2061956475	199819806
comp_flat_triple	10000	94	16164190558691333408	1735607790	895539294
comp_flat_triple	10000	95	18409450033355085691	202111989	1611883954
comp_flat_triple	10000	96	388196001695205509	928260402	250819242
comp_flat_triple	10000	97	13256079496469946880	151565645	411982489
comp_flat_triple	10000	98	1079458343080647749	1478726855	1241135628
comp_flat_triple	10000	99	1201283186314757687	329750073	801862186
