# U-M7-02 Seeds manifest | master_seed=20260928 | data stream = g0/v1 (bit-identical to G0); tool stream namespace = m7-tool|<competitor>|<arm>|N<n>|r<k>
# note: profile=degraded adapter=docker provider=synthetic competitors=sigminer,sigprofiler commit=7de5b8cf7492fb818c527672ae9fc6ef4bb6f3ca
arm	N	rep	data_seed	seed_sigminer	seed_sigprofiler
comp_mmr	100	0	5972924730034738981	187074784	1442359181
comp_mmr	100	1	5702834695696216203	102188176	861734994
comp_mmr	100	2	1206529405541918267	79091283	734116132
comp_mmr	100	3	17500521532959680489	1239955154	567909574
comp_mmr	100	4	13730029433897070850	702484324	731656743
comp_mmr	100	5	8369716954416609129	635769912	1384220529
comp_mmr	100	6	7105078572815388066	121734875	1935218661
comp_mmr	100	7	4072961963481846557	748893230	556252338
comp_mmr	100	8	8961423498127407269	705873828	1049137987
comp_mmr	100	9	17324774242893459885	1021889949	938736484
comp_mmr	100	10	331890721097786651	1499839339	1491101459
comp_mmr	100	11	15277561921228959368	30899334	623453777
comp_mmr	100	12	4832243590429319037	79259602	762599283
comp_mmr	100	13	10519926099735440629	877147370	343234102
comp_mmr	100	14	17172419780925327692	1548117946	22792473
comp_mmr	100	15	530287326118986659	1218215064	1126794732
comp_mmr	100	16	1009322255768756818	2075334192	728811616
comp_mmr	100	17	12253047805951066365	2108342788	233748935
comp_mmr	100	18	8811398948849257193	1255411454	1469613097
comp_mmr	100	19	15828700325211141757	824316088	979073239
comp_mmr	100	20	7732832216110136981	1268812369	1394567931
comp_mmr	100	21	8339793463993314429	346919304	1418505114
comp_mmr	100	22	10127058711089730798	1464460993	1276637323
comp_mmr	100	23	15396798279718029761	251314430	1190461597
comp_mmr	100	24	16761554659475439425	698151242	396046898
comp_mmr	100	25	8979938768227508370	1675704595	560987660
comp_mmr	100	26	5606297540562959206	1142739037	2036115726
comp_mmr	100	27	6893908170853145264	1124617576	1251429222
comp_mmr	100	28	81305383023270447	1118366530	965419438
comp_mmr	100	29	4608707655559669692	1266078456	950897033
comp_mmr	100	30	10352458904692204704	2129174622	772967004
comp_mmr	100	31	4843685457096110626	1948957185	1491004699
comp_mmr	100	32	12156084450556055532	859058108	121111544
comp_mmr	100	33	4934394961606806071	325181209	399990035
comp_mmr	100	34	16850435886940134639	756554604	440583746
comp_mmr	100	35	9953575017445180647	206756895	1897289610
comp_mmr	100	36	15004546125539028644	1481701190	1823780463
comp_mmr	100	37	12289845552873453314	1867514219	1094506866
comp_mmr	100	38	13311483774583344796	1508306053	2019042818
comp_mmr	100	39	11012405785443342317	514045412	1362424590
comp_mmr	100	40	9695804137543828038	611670348	1998472308
comp_mmr	100	41	15529248968396700899	1455427851	1937367833
comp_mmr	100	42	8749645898866988636	416989120	1965615163
comp_mmr	100	43	15684438420630422320	1150848856	359397029
comp_mmr	100	44	3770839324888717859	676327699	1993724148
comp_mmr	100	45	9291903514477383338	901514342	1614636944
comp_mmr	100	46	10227974904691514998	2013530408	143039910
comp_mmr	100	47	18033783390762362178	1124102773	1328800163
comp_mmr	100	48	14956434519934722867	105201945	935667942
comp_mmr	100	49	2786685388885780662	2112285710	1639017913
comp_mmr	100	50	1535998123676025353	1303676579	781675902
comp_mmr	100	51	15536012140444426541	969755657	1638240309
comp_mmr	100	52	17008299451466716926	724125718	1502471867
comp_mmr	100	53	2256192641563441062	979597784	1008452844
comp_mmr	100	54	14293889191716115466	371634938	1656301927
comp_mmr	100	55	3170604288149549924	133140055	1967125966
comp_mmr	100	56	6257372966475313079	1781593706	1190039836
comp_mmr	100	57	8727429536684988721	1547604965	1685290858
comp_mmr	100	58	4939053455100858801	1091824070	1727008736
comp_mmr	100	59	10934601612287885386	161010194	574783271
comp_mmr	100	60	7874600131093761018	1397694998	299114789
comp_mmr	100	61	3876812707780161786	2108878282	1194334796
comp_mmr	100	62	12679708161590596435	330987707	1387560624
comp_mmr	100	63	6722956726948743894	1899828372	1043307793
comp_mmr	100	64	16937560906285783108	723391363	841736143
comp_mmr	100	65	14835945371407088975	1469622429	117400555
comp_mmr	100	66	16074187876278416797	1692912478	997402105
comp_mmr	100	67	7416804285579624946	2033981384	1398535013
comp_mmr	100	68	15419775143546144168	810552273	889592958
comp_mmr	100	69	1460222618044242750	1204677607	1947438803
comp_mmr	100	70	10861503270908169742	723461054	539253185
comp_mmr	100	71	8858710161263831267	1999620739	573719834
comp_mmr	100	72	12416907661298900704	781307941	133168284
comp_mmr	100	73	11932833343736153871	1003777650	948168594
comp_mmr	100	74	17659332916999936829	1846018830	766433607
comp_mmr	100	75	1262576861100460893	1081163443	1416468823
comp_mmr	100	76	8769501102710646360	76301653	1079174196
comp_mmr	100	77	12803460440819547354	324317262	2127831887
comp_mmr	100	78	17278603132227607833	338391409	1705520376
comp_mmr	100	79	11851428987186819396	734526110	1874458182
comp_mmr	100	80	17939694280342509259	1703988339	101818070
comp_mmr	100	81	12078991408780715137	891210849	505156187
comp_mmr	100	82	8852429336529778212	2126234436	2105060904
comp_mmr	100	83	11221314144616890381	2059171919	964530227
comp_mmr	100	84	17523043769147966991	937778066	609224091
comp_mmr	100	85	7297038611310330880	165213354	1605810344
comp_mmr	100	86	164912827944551170	111383096	614658993
comp_mmr	100	87	14675961528910086759	1386954787	2067470586
comp_mmr	100	88	17101520655051549259	37449256	14447105
comp_mmr	100	89	3537941182226839600	1148548267	205665416
comp_mmr	100	90	13117022352717830074	25062180	1718645269
comp_mmr	100	91	1273131974174629366	1318947419	1164996818
comp_mmr	100	92	13808182318874970684	744256571	1968090905
comp_mmr	100	93	10586878835749202892	1865390709	853573655
comp_mmr	100	94	3805155375696738607	1153299926	1876551838
comp_mmr	100	95	2602502439403971262	1742438975	1746834772
comp_mmr	100	96	3010116786424494132	1293485029	58491808
comp_mmr	100	97	4304767002596027397	1287055947	1387877181
comp_mmr	100	98	2212561808971556963	403237972	1151056005
comp_mmr	100	99	6848698864604845184	2009924015	1197814611
comp_mmr	1000	0	11312223449983860568	809484058	569654015
comp_mmr	1000	1	8559751348388267424	686654356	584559844
comp_mmr	1000	2	7609587223276121014	2145257597	1520500918
comp_mmr	1000	3	14106621001410477594	406446042	788373613
comp_mmr	1000	4	11767899080491458822	640971359	1798889907
comp_mmr	1000	5	9569689266629876592	1332704438	1822061447
comp_mmr	1000	6	3583111989266067472	2028879691	632867407
comp_mmr	1000	7	3053773228782838728	246444907	963210303
comp_mmr	1000	8	18356501865065859765	1622263551	1638154851
comp_mmr	1000	9	4120338828254212904	1039607187	182568037
comp_mmr	1000	10	15852573746507335803	1696609933	1424434352
comp_mmr	1000	11	5060633590727569597	483898584	555525633
comp_mmr	1000	12	17701651527819020295	55968129	2083060381
comp_mmr	1000	13	5727409453226663226	1792406138	862713706
comp_mmr	1000	14	17079174058353199275	1605438497	1214491382
comp_mmr	1000	15	5370141985292606179	677359921	2022428917
comp_mmr	1000	16	7396540445056404418	1272131146	1250237022
comp_mmr	1000	17	1318308338310265454	851893543	868643983
comp_mmr	1000	18	2374084148002920834	2035004671	1711185452
comp_mmr	1000	19	12628679775196147498	1357662033	323885879
comp_mmr	1000	20	12040983237963023710	55336657	1960444300
comp_mmr	1000	21	6295028452467393394	537449024	1704648176
comp_mmr	1000	22	11830154462585893371	1903047880	1382823591
comp_mmr	1000	23	12418586324470895422	1369645687	2107232341
comp_mmr	1000	24	14330712558161869715	1775863374	1212504852
comp_mmr	1000	25	10396957564694988584	748360366	810253871
comp_mmr	1000	26	2580605786540768637	1659283235	1111605647
comp_mmr	1000	27	10181402708705849205	679082083	2003912548
comp_mmr	1000	28	5603637131616547797	1503878605	572448953
comp_mmr	1000	29	2669296428202842897	1886623858	1229411320
comp_mmr	1000	30	7802707019764598643	392994763	1527126227
comp_mmr	1000	31	15950065787096636078	1787235137	470503593
comp_mmr	1000	32	10698902806370634642	402630949	142033858
comp_mmr	1000	33	13702783525462303866	1787330280	718410026
comp_mmr	1000	34	2161541476236681287	381729083	1667961518
comp_mmr	1000	35	1024405760687272721	1766358692	1024424604
comp_mmr	1000	36	18101730179329137117	1159312920	1159080272
comp_mmr	1000	37	3387401640937410882	535350952	1192433367
comp_mmr	1000	38	7051644720368651926	953649086	1011098087
comp_mmr	1000	39	346757932144433081	1482116312	1445847016
comp_mmr	1000	40	14981972433355327717	448765785	1752485862
comp_mmr	1000	41	11229463401532641111	153010298	617283199
comp_mmr	1000	42	190245481496339471	1529420295	1126318345
comp_mmr	1000	43	12489596143891043329	477440226	100383591
comp_mmr	1000	44	15414251553617536288	272112504	1659680274
comp_mmr	1000	45	4255300412333584429	250523101	1067715787
comp_mmr	1000	46	17451220978605105688	448920880	84501939
comp_mmr	1000	47	4215375386519608802	1915662473	1036835275
comp_mmr	1000	48	2517695149517661600	1650875443	323119924
comp_mmr	1000	49	6751897711899799738	1186955848	1254150843
comp_mmr	1000	50	13578151702789331877	827174855	858064275
comp_mmr	1000	51	1546225775731858786	1994091190	92967639
comp_mmr	1000	52	3162057061904084179	811784827	1160554012
comp_mmr	1000	53	14592281820834870474	1396561446	1373064108
comp_mmr	1000	54	10773334417189855182	950293419	2049897480
comp_mmr	1000	55	15659546918039407112	969281189	835573017
comp_mmr	1000	56	13496963497672655219	76163547	99222859
comp_mmr	1000	57	8875876137679879920	289503115	1846453733
comp_mmr	1000	58	1888975021845464431	1350966348	1096170450
comp_mmr	1000	59	18050796998418858929	898213095	1151103348
comp_mmr	1000	60	4095121859224012116	1208628246	1632167242
comp_mmr	1000	61	2258449996088701420	1949150286	687120642
comp_mmr	1000	62	13884148770785349008	1394373658	982700879
comp_mmr	1000	63	13882923912028577051	774310510	1807498129
comp_mmr	1000	64	13274063659961169444	588441801	58661689
comp_mmr	1000	65	9778841616632109227	1728199019	1065822145
comp_mmr	1000	66	8145456829241448312	732788933	33883680
comp_mmr	1000	67	13996099737952300360	1275058270	2169452
comp_mmr	1000	68	12497065074220881661	1486664196	1155224012
comp_mmr	1000	69	4012821840248888081	92550597	1673736089
comp_mmr	1000	70	6525148443882227398	593529441	2020920605
comp_mmr	1000	71	9590701950984920437	1415274899	110297899
comp_mmr	1000	72	8986140400373303522	811952808	2004981182
comp_mmr	1000	73	1444060296067236975	40319604	1892752964
comp_mmr	1000	74	23917111981195835	130261724	797939636
comp_mmr	1000	75	1865386226723728410	919178525	1939330685
comp_mmr	1000	76	2177506076505546393	29434434	2082953820
comp_mmr	1000	77	16950115709819624542	1670243957	214488870
comp_mmr	1000	78	13580619320649590383	1541264584	248233533
comp_mmr	1000	79	7955440147882758208	2134358333	640315842
comp_mmr	1000	80	4341439557353615820	1104983837	1071154835
comp_mmr	1000	81	17922888929176959286	347100057	117524187
comp_mmr	1000	82	14531947869612336393	1150914626	465096406
comp_mmr	1000	83	15604221637182789175	1113568219	1041768514
comp_mmr	1000	84	5800831286255355982	682711851	387787589
comp_mmr	1000	85	1207835525089058450	1363596301	776761467
comp_mmr	1000	86	3023282847365015925	1578082157	868156956
comp_mmr	1000	87	3906991014982301034	63447048	827828102
comp_mmr	1000	88	9346172373696204046	577776501	275551888
comp_mmr	1000	89	6663280474559671077	1334360996	1398087832
comp_mmr	1000	90	2365999756926065826	208339134	953017577
comp_mmr	1000	91	3643806508216257793	1470838095	1167624056
comp_mmr	1000	92	3067587245899243588	936376255	1633676427
comp_mmr	1000	93	1441609312418793683	1963483949	530037636
comp_mmr	1000	94	7732346488959304237	1157416363	559936204
comp_mmr	1000	95	14745445972499266497	128159842	296336698
comp_mmr	1000	96	5609449074708752847	120694793	714485052
comp_mmr	1000	97	6944409485520023368	1444468209	169041735
comp_mmr	1000	98	16315826105191618496	99452860	1647885720
comp_mmr	1000	99	15328268569780320709	751521758	328201979
comp_mmr	10000	0	15239609436085337946	1775754754	43776295
comp_mmr	10000	1	3474842223144294283	1150717712	2079844575
comp_mmr	10000	2	1031641377601778295	997676203	231511427
comp_mmr	10000	3	15829583838651038397	1015841626	1107801624
comp_mmr	10000	4	2808351548722843609	1312603470	1992599681
comp_mmr	10000	5	13584876917944831253	2035073008	520290381
comp_mmr	10000	6	16270320262232417519	1519233583	2086348631
comp_mmr	10000	7	16716964792003765050	200457935	523986924
comp_mmr	10000	8	15414212298263183905	1031692138	1625533336
comp_mmr	10000	9	13005030936196566381	1154406371	272872831
comp_mmr	10000	10	3561011460664782945	145475973	484161744
comp_mmr	10000	11	17350998857400930613	1801579111	1970528376
comp_mmr	10000	12	12811569072218147374	983993572	1276722410
comp_mmr	10000	13	10465934099318758461	183677869	1892915546
comp_mmr	10000	14	17649171736648999847	191010858	2084239369
comp_mmr	10000	15	13837397666036720965	833224606	256381731
comp_mmr	10000	16	460131570976188293	1918247932	455240687
comp_mmr	10000	17	10973306160359539440	1969233181	1182696500
comp_mmr	10000	18	1186367984730420839	823510947	595395726
comp_mmr	10000	19	9526360846669960077	2007731635	1135834231
comp_mmr	10000	20	17741569500964158796	83887693	195089179
comp_mmr	10000	21	16151281610308124519	398294240	1981121750
comp_mmr	10000	22	12062764617676715014	1860678827	268703934
comp_mmr	10000	23	13797947909595076224	1892740516	87799899
comp_mmr	10000	24	10405542637421906524	1625635286	280851168
comp_mmr	10000	25	6614716275540065189	2115097698	1199242637
comp_mmr	10000	26	11385121992941340728	1348554080	755075772
comp_mmr	10000	27	1094691821582581995	1193702831	1235854289
comp_mmr	10000	28	1718871335687758960	918762496	1188494898
comp_mmr	10000	29	7113879958105761126	416365249	1061616016
comp_mmr	10000	30	15374562339848260671	1453964673	299304582
comp_mmr	10000	31	16223195367290479671	660275237	1332206854
comp_mmr	10000	32	16699938037896870802	1826708995	611138714
comp_mmr	10000	33	3421176575185608847	1771815471	1529963814
comp_mmr	10000	34	2218507676538778861	397296083	1307633106
comp_mmr	10000	35	16451306573075263515	635353314	423048888
comp_mmr	10000	36	5662255522590434736	275282612	373920906
comp_mmr	10000	37	10846499928235802772	1981798350	107282439
comp_mmr	10000	38	17236859595171261732	1493936571	995958138
comp_mmr	10000	39	585035198780808191	353726694	859464820
comp_mmr	10000	40	13929457422501865145	1094616362	1998980826
comp_mmr	10000	41	12416193720493063822	1726994843	26500647
comp_mmr	10000	42	2101669043867156407	240387203	1453798768
comp_mmr	10000	43	4002848740001615443	1978952837	559012011
comp_mmr	10000	44	11867534288933188860	1237219293	958489894
comp_mmr	10000	45	10096853543246011160	269163654	689119305
comp_mmr	10000	46	16757660315632931563	1477603418	730827133
comp_mmr	10000	47	11945912419352413108	2058239916	907290068
comp_mmr	10000	48	3121146303324760070	88861375	1928584390
comp_mmr	10000	49	12390678343049461523	1744982625	47974311
comp_mmr	10000	50	11367994000768270836	583866782	667122066
comp_mmr	10000	51	14302398668205486786	628186529	1759503594
comp_mmr	10000	52	2826632208772442822	1445736757	770237562
comp_mmr	10000	53	11045481651891171658	749575919	1678004044
comp_mmr	10000	54	16518348251053440865	1488259425	862059581
comp_mmr	10000	55	3791009831737114368	1851825729	1747434485
comp_mmr	10000	56	3563263857361962937	1747420207	1620291877
comp_mmr	10000	57	6510910873428719040	688642384	760735742
comp_mmr	10000	58	10694095553981331809	2029760750	2013031582
comp_mmr	10000	59	17797990328837773887	958599242	5516216
comp_mmr	10000	60	7120028637852070385	12107288	521704180
comp_mmr	10000	61	5290885219954037899	774822824	397673036
comp_mmr	10000	62	2789292566861275818	432378110	928113500
comp_mmr	10000	63	10659909512336751156	46710864	860681563
comp_mmr	10000	64	4944882592982713167	256529043	578211815
comp_mmr	10000	65	10188542063481160238	354088522	1841657732
comp_mmr	10000	66	2316453189615433406	555422304	1052635496
comp_mmr	10000	67	8895075303298539107	1087582666	1682038564
comp_mmr	10000	68	6189431634694754403	1682568573	1368871392
comp_mmr	10000	69	2848834549947426623	1416736850	1884124970
comp_mmr	10000	70	4083636361972657583	945617482	670293874
comp_mmr	10000	71	2725607297536650733	130878096	700020657
comp_mmr	10000	72	3567373285393306112	211373510	424418110
comp_mmr	10000	73	8515497038051588651	912398754	1445920736
comp_mmr	10000	74	11534781242870320680	1736586904	1196312414
comp_mmr	10000	75	16877632999472275750	688007827	754060966
comp_mmr	10000	76	1527422090692101059	870699525	1992230461
comp_mmr	10000	77	14633657081090733335	234372182	1581313991
comp_mmr	10000	78	16132581739323234719	288153020	1191791426
comp_mmr	10000	79	18060723108237301034	259707009	2075297752
comp_mmr	10000	80	11869855638556653317	1543469903	878389458
comp_mmr	10000	81	8319778444698566558	743876573	1557833256
comp_mmr	10000	82	17940091482359599026	1212834479	1445660448
comp_mmr	10000	83	11388705470158212655	1632266787	881869402
comp_mmr	10000	84	537880705643028335	306940072	1948178510
comp_mmr	10000	85	11166211439651967939	131628846	906821144
comp_mmr	10000	86	7790297360885271238	1259185377	315779883
comp_mmr	10000	87	4780052521609782073	575575176	491030778
comp_mmr	10000	88	5702669272227603420	661178500	358367862
comp_mmr	10000	89	5154852411240510804	86020767	1686748647
comp_mmr	10000	90	1573263244209770074	952281551	521318335
comp_mmr	10000	91	17112360893632842398	1182220973	216829472
comp_mmr	10000	92	7855944953969588008	1437599599	1443786790
comp_mmr	10000	93	4286836435500443108	2120805136	443205763
comp_mmr	10000	94	1550115341273463667	707577476	917057689
comp_mmr	10000	95	884814158751634149	1788497470	391598627
comp_mmr	10000	96	1296696041682312834	217148449	1015835160
comp_mmr	10000	97	597898259529542348	2070910472	510608543
comp_mmr	10000	98	11043869335523612238	1386603180	1656864025
comp_mmr	10000	99	16905985653647237698	1641298497	655551536
